#Time	LowerQ	Median	UpperQ
0	398000	548000	837000
2590	398000	548000	837000
2690	398000	548000	837000
2740	398000	548000	836000
2760	398000	548000	837000
2770	398000	548000	836000
2810	398000	547000	836000
2860	398000	547000	836000
2870	397000	547000	835000
2890	398000	547000	836000
2900	397000	547000	836000
2910	397000	547000	835000
2920	397000	547000	835000
2930	397000	547000	835000
2950	397000	547000	835000
2960	397000	547000	835000
2970	397000	547000	835000
2980	397000	547000	836000
2990	397000	547000	836000
3000	397000	547000	838000
3010	397000	547000	838000
3020	397000	547000	837000
3030	397000	547000	838000
3040	397000	547000	840000
3050	397000	547000	840000
3060	397000	547000	841000
3070	397000	547000	841000
3080	397000	547000	843000
3090	397000	547000	845000
3100	397000	547000	852000
3110	397000	547000	853000
3120	397000	547000	855000
3130	397000	547000	862000
3140	397000	548000	878000
3150	397000	548000	881000
3160	397000	548000	898000
3170	397000	548000	932000
3180	397000	548000	973000
3190	397000	548000	1.08e+06
3200	397000	548000	1.26e+06
3210	397000	548000	1.28e+06
3220	397000	548000	1.29e+06
3230	397000	548000	1.29e+06
3240	397000	548000	1.29e+06
3250	397000	548000	1.3e+06
3260	397000	548000	1.3e+06
3270	397000	548000	1.3e+06
3280	396000	548000	1.31e+06
3290	397000	549000	1.31e+06
3300	397000	549000	1.31e+06
3310	397000	549000	1.31e+06
3320	396000	549000	1.31e+06
3330	397000	549000	1.31e+06
3340	396000	549000	1.32e+06
3350	396000	550000	1.32e+06
3360	396000	550000	1.32e+06
3370	396000	550000	1.32e+06
3380	396000	550000	1.32e+06
3390	396000	551000	1.32e+06
3400	396000	551000	1.32e+06
3410	396000	552000	1.32e+06
3420	396000	552000	1.32e+06
3430	396000	552000	1.32e+06
3440	395000	553000	1.32e+06
3450	395000	554000	1.32e+06
3460	395000	555000	1.33e+06
3470	396000	556000	1.33e+06
3480	394000	556000	1.33e+06
3490	394000	557000	1.33e+06
3500	394000	558000	1.33e+06
3510	396000	560000	1.33e+06
3520	394000	560000	1.33e+06
3530	395000	562000	1.33e+06
3540	395000	564000	1.33e+06
3550	394000	566000	1.33e+06
3560	395000	568000	1.33e+06
3570	395000	570000	1.33e+06
3580	396000	572000	1.33e+06
3590	395000	576000	1.33e+06
3600	395000	579000	1.33e+06
3610	397000	584000	1.33e+06
3620	397000	589000	1.33e+06
3630	396000	595000	1.33e+06
3640	396000	603000	1.33e+06
3650	394000	613000	1.33e+06
3660	395000	624000	1.33e+06
3670	396000	643000	1.33e+06
3680	397000	685000	1.33e+06
3690	396000	835000	1.34e+06
3700	397000	1.26e+06	1.34e+06
3710	397000	1.27e+06	1.34e+06
3720	398000	1.28e+06	1.34e+06
3730	397000	1.28e+06	1.34e+06
3740	398000	1.28e+06	1.34e+06
3750	398000	1.29e+06	1.34e+06
3760	399000	1.29e+06	1.34e+06
3770	400000	1.29e+06	1.34e+06
3780	398000	1.29e+06	1.34e+06
3790	399000	1.29e+06	1.34e+06
3800	400000	1.29e+06	1.34e+06
3810	400000	1.29e+06	1.34e+06
3820	400000	1.29e+06	1.34e+06
3830	402000	1.29e+06	1.34e+06
3840	400000	1.3e+06	1.34e+06
3850	403000	1.3e+06	1.34e+06
3860	401000	1.3e+06	1.34e+06
3870	406000	1.3e+06	1.34e+06
3880	406000	1.3e+06	1.34e+06
3890	404000	1.3e+06	1.34e+06
3900	404000	1.3e+06	1.34e+06
3910	405000	1.3e+06	1.34e+06
3920	407000	1.3e+06	1.34e+06
3930	407000	1.3e+06	1.34e+06
3940	407000	1.3e+06	1.34e+06
3950	407000	1.3e+06	1.34e+06
3960	409000	1.3e+06	1.34e+06
3970	409000	1.3e+06	1.34e+06
3980	409000	1.3e+06	1.34e+06
3990	409000	1.3e+06	1.34e+06
4000	410000	1.3e+06	1.34e+06
4010	411000	1.3e+06	1.34e+06
4020	412000	1.3e+06	1.34e+06
4030	412000	1.3e+06	1.34e+06
4040	413000	1.3e+06	1.34e+06
4050	414000	1.3e+06	1.34e+06
4060	414000	1.3e+06	1.34e+06
4070	414000	1.3e+06	1.34e+06
4080	414000	1.3e+06	1.34e+06
4090	415000	1.3e+06	1.34e+06
4100	415000	1.3e+06	1.34e+06
4110	416000	1.3e+06	1.34e+06
4120	416000	1.3e+06	1.34e+06
4130	417000	1.3e+06	1.34e+06
4140	417000	1.3e+06	1.34e+06
4150	417000	1.3e+06	1.34e+06
4160	418000	1.3e+06	1.34e+06
4170	419000	1.3e+06	1.34e+06
4180	419000	1.3e+06	1.34e+06
4190	420000	1.3e+06	1.34e+06
4200	420000	1.3e+06	1.34e+06
4210	421000	1.3e+06	1.34e+06
4220	421000	1.3e+06	1.34e+06
4230	422000	1.3e+06	1.34e+06
4240	422000	1.3e+06	1.34e+06
4250	422000	1.3e+06	1.34e+06
4260	422000	1.3e+06	1.34e+06
4270	422000	1.3e+06	1.34e+06
4280	423000	1.3e+06	1.34e+06
4290	425000	1.3e+06	1.34e+06
4300	425000	1.3e+06	1.34e+06
4310	426000	1.3e+06	1.34e+06
4320	427000	1.3e+06	1.34e+06
4330	428000	1.3e+06	1.34e+06
4340	428000	1.3e+06	1.34e+06
4350	430000	1.3e+06	1.34e+06
4360	433000	1.3e+06	1.34e+06
4370	433000	1.3e+06	1.34e+06
4380	434000	1.3e+06	1.34e+06
4390	435000	1.3e+06	1.34e+06
4400	435000	1.3e+06	1.34e+06
4410	437000	1.3e+06	1.34e+06
4420	440000	1.3e+06	1.34e+06
4430	443000	1.3e+06	1.34e+06
4440	444000	1.3e+06	1.34e+06
4450	447000	1.3e+06	1.34e+06
4460	449000	1.3e+06	1.34e+06
4470	460000	1.3e+06	1.34e+06
4480	470000	1.3e+06	1.34e+06
4490	557000	1.3e+06	1.34e+06
4500	690000	1.3e+06	1.34e+06
4510	696000	1.3e+06	1.34e+06
4520	700000	1.3e+06	1.34e+06
4530	702000	1.3e+06	1.34e+06
4540	707000	1.3e+06	1.34e+06
4550	709000	1.31e+06	1.34e+06
4560	711000	1.31e+06	1.34e+06
4570	713000	1.31e+06	1.34e+06
4580	720000	1.31e+06	1.34e+06
4590	725000	1.31e+06	1.34e+06
4600	833000	1.31e+06	1.34e+06
4610	839000	1.31e+06	1.34e+06
4620	841000	1.31e+06	1.34e+06
4630	843000	1.31e+06	1.34e+06
4640	844000	1.31e+06	1.34e+06
4650	845000	1.31e+06	1.34e+06
4660	846000	1.31e+06	1.34e+06
4670	847000	1.31e+06	1.34e+06
4680	847000	1.31e+06	1.34e+06
4690	848000	1.31e+06	1.34e+06
4700	850000	1.31e+06	1.34e+06
4710	850000	1.31e+06	1.34e+06
4720	851000	1.31e+06	1.34e+06
4730	852000	1.31e+06	1.34e+06
4740	852000	1.31e+06	1.34e+06
4750	852000	1.31e+06	1.34e+06
4760	853000	1.31e+06	1.34e+06
4770	853000	1.31e+06	1.34e+06
4780	853000	1.31e+06	1.34e+06
4790	853000	1.31e+06	1.34e+06
4800	854000	1.31e+06	1.34e+06
4810	855000	1.31e+06	1.34e+06
4820	855000	1.31e+06	1.34e+06
4830	855000	1.31e+06	1.34e+06
4840	855000	1.31e+06	1.34e+06
4850	855000	1.31e+06	1.34e+06
4860	856000	1.31e+06	1.34e+06
4870	856000	1.31e+06	1.34e+06
4880	856000	1.31e+06	1.34e+06
4890	856000	1.31e+06	1.34e+06
4900	856000	1.31e+06	1.34e+06
4910	856000	1.31e+06	1.34e+06
4920	857000	1.31e+06	1.34e+06
4930	857000	1.31e+06	1.34e+06
4940	857000	1.31e+06	1.34e+06
4950	857000	1.31e+06	1.34e+06
4960	857000	1.31e+06	1.34e+06
4970	857000	1.31e+06	1.34e+06
4990	857000	1.31e+06	1.34e+06
5010	858000	1.31e+06	1.34e+06
5020	858000	1.31e+06	1.34e+06
5030	858000	1.31e+06	1.34e+06
5040	858000	1.31e+06	1.34e+06
5050	858000	1.31e+06	1.34e+06
5060	859000	1.31e+06	1.34e+06
5070	859000	1.31e+06	1.34e+06
5080	859000	1.31e+06	1.34e+06
5090	859000	1.31e+06	1.34e+06
5100	859000	1.31e+06	1.34e+06
5110	859000	1.31e+06	1.34e+06
5130	859000	1.31e+06	1.34e+06
5140	859000	1.31e+06	1.34e+06
5180	859000	1.31e+06	1.34e+06
5190	859000	1.31e+06	1.34e+06
5220	859000	1.31e+06	1.34e+06
5230	859000	1.31e+06	1.34e+06
5260	859000	1.31e+06	1.34e+06
5300	860000	1.31e+06	1.34e+06
5310	860000	1.31e+06	1.34e+06
5320	860000	1.31e+06	1.34e+06
5400	860000	1.31e+06	1.34e+06
5430	860000	1.31e+06	1.34e+06
5450	860000	1.31e+06	1.34e+06
5550	860000	1.31e+06	1.34e+06
5560	860000	1.31e+06	1.34e+06
5570	860000	1.31e+06	1.34e+06
5800	861000	1.31e+06	1.34e+06
7460	861000	1.31e+06	1.34e+06
8100	861000	1.31e+06	1.34e+06
9510	861000	1.31e+06	1.34e+06
9890	861000	1.31e+06	1.34e+06
11000	862000	1.31e+06	1.34e+06
2.03e+06	862000	1.31e+06	1.34e+06
2.05e+06	862000	1.31e+06	1.34e+06
2.06e+06	862000	1.31e+06	1.34e+06
2.07e+06	862000	1.31e+06	1.34e+06
2.08e+06	862000	1.31e+06	1.34e+06
2.09e+06	862000	1.31e+06	1.34e+06
2.1e+06	862000	1.31e+06	1.34e+06
2.11e+06	862000	1.31e+06	1.34e+06
2.12e+06	862000	1.31e+06	1.34e+06
2.13e+06	862000	1.31e+06	1.34e+06
2.14e+06	862000	1.31e+06	1.34e+06
2.15e+06	862000	1.31e+06	1.34e+06
2.16e+06	862000	1.31e+06	1.34e+06
2.18e+06	862000	1.31e+06	1.34e+06
2.2e+06	862000	1.31e+06	1.34e+06
2.22e+06	862000	1.31e+06	1.34e+06
2.23e+06	862000	1.31e+06	1.34e+06
2.24e+06	862000	1.31e+06	1.34e+06
2.25e+06	862000	1.31e+06	1.34e+06
2.26e+06	862000	1.31e+06	1.34e+06
2.27e+06	862000	1.31e+06	1.34e+06
2.28e+06	862000	1.31e+06	1.34e+06
2.29e+06	862000	1.31e+06	1.34e+06
2.3e+06	862000	1.31e+06	1.34e+06
2.31e+06	862000	1.31e+06	1.34e+06
2.32e+06	862000	1.31e+06	1.34e+06
2.33e+06	862000	1.31e+06	1.34e+06
2.34e+06	862000	1.31e+06	1.34e+06
2.35e+06	862000	1.31e+06	1.34e+06
2.36e+06	862000	1.31e+06	1.34e+06
2.37e+06	862000	1.31e+06	1.34e+06
2.38e+06	862000	1.31e+06	1.34e+06
2.4e+06	862000	1.31e+06	1.34e+06
2.48e+06	862000	1.31e+06	1.34e+06
2.49e+06	862000	1.31e+06	1.34e+06
2.5e+06	862000	1.31e+06	1.34e+06
2.51e+06	862000	1.31e+06	1.34e+06
2.52e+06	862000	1.31e+06	1.34e+06
2.53e+06	862000	1.31e+06	1.34e+06
2.54e+06	862000	1.31e+06	1.34e+06
2.55e+06	862000	1.31e+06	1.34e+06
2.56e+06	862000	1.31e+06	1.34e+06
2.57e+06	862000	1.31e+06	1.34e+06
2.58e+06	862000	1.31e+06	1.34e+06
2.59e+06	862000	1.31e+06	1.34e+06
2.6e+06	862000	1.31e+06	1.34e+06
2.61e+06	862000	1.31e+06	1.34e+06
2.62e+06	862000	1.31e+06	1.34e+06
2.63e+06	862000	1.31e+06	1.34e+06
2.64e+06	862000	1.31e+06	1.34e+06
2.65e+06	862000	1.31e+06	1.34e+06
2.66e+06	862000	1.31e+06	1.34e+06
2.67e+06	862000	1.31e+06	1.34e+06
2.68e+06	862000	1.31e+06	1.34e+06
2.69e+06	862000	1.31e+06	1.34e+06
2.7e+06	862000	1.31e+06	1.34e+06
2.71e+06	862000	1.31e+06	1.34e+06
2.72e+06	862000	1.31e+06	1.34e+06
2.73e+06	862000	1.31e+06	1.34e+06
2.74e+06	862000	1.31e+06	1.34e+06
2.75e+06	862000	1.31e+06	1.34e+06
2.76e+06	862000	1.31e+06	1.34e+06
2.78e+06	862000	1.31e+06	1.34e+06
#Time	LowerQ	Median	UpperQ
0	207000	280000	418000
2150	207000	280000	418000
2160	207000	280000	418000
2170	207000	280000	418000
2180	207000	280000	418000
2220	207000	280000	418000
2230	207000	280000	419000
2240	207000	280000	419000
2250	207000	280000	419000
2260	207000	280000	420000
2270	207000	280000	420000
2280	207000	280000	420000
2290	207000	280000	421000
2300	207000	280000	421000
2310	207000	280000	421000
2320	207000	280000	423000
2330	207000	280000	424000
2340	206000	280000	425000
2350	207000	280000	426000
2360	207000	280000	427000
2370	207000	280000	428000
2380	207000	280000	428000
2390	207000	280000	429000
2400	207000	280000	434000
2410	207000	280000	435000
2420	206000	280000	436000
2430	206000	280000	440000
2440	206000	280000	444000
2450	206000	280000	449000
2460	206000	280000	453000
2470	206000	281000	461000
2480	206000	281000	471000
2490	206000	281000	487000
2500	206000	280000	511000
2510	206000	281000	965000
2520	206000	281000	976000
2530	206000	281000	982000
2540	206000	281000	986000
2550	206000	281000	988000
2560	206000	281000	990000
2570	206000	281000	991000
2580	206000	281000	993000
2590	206000	281000	994000
2600	206000	281000	995000
2610	206000	281000	997000
2620	206000	281000	998000
2630	206000	282000	999000
2640	206000	282000	1e+06
2650	206000	282000	1e+06
2660	206000	282000	1e+06
2670	206000	282000	1e+06
2680	206000	282000	1.01e+06
2690	206000	283000	1.01e+06
2700	206000	283000	1.01e+06
2710	206000	284000	1.01e+06
2720	206000	284000	1.01e+06
2730	206000	284000	1.01e+06
2740	206000	284000	1.01e+06
2750	206000	285000	1.01e+06
2760	206000	285000	1.01e+06
2770	206000	286000	1.01e+06
2780	206000	286000	1.02e+06
2790	206000	287000	1.02e+06
2800	206000	288000	1.02e+06
2810	206000	289000	1.02e+06
2820	206000	290000	1.02e+06
2830	206000	291000	1.02e+06
2840	206000	292000	1.02e+06
2850	206000	293000	1.02e+06
2860	206000	294000	1.02e+06
2870	206000	296000	1.02e+06
2880	207000	297000	1.02e+06
2890	206000	298000	1.02e+06
2900	206000	300000	1.02e+06
2910	207000	302000	1.02e+06
2920	207000	305000	1.02e+06
2930	208000	308000	1.02e+06
2940	208000	311000	1.02e+06
2950	207000	314000	1.02e+06
2960	207000	320000	1.02e+06
2970	207000	326000	1.02e+06
2980	208000	337000	1.02e+06
2990	208000	347000	1.02e+06
3000	208000	381000	1.02e+06
3010	209000	678000	1.02e+06
3020	209000	959000	1.02e+06
3030	209000	965000	1.02e+06
3040	209000	969000	1.02e+06
3050	209000	971000	1.02e+06
3060	209000	973000	1.02e+06
3070	209000	975000	1.02e+06
3080	211000	976000	1.02e+06
3090	210000	978000	1.02e+06
3100	209000	979000	1.02e+06
3110	211000	980000	1.03e+06
3120	211000	981000	1.03e+06
3130	212000	982000	1.03e+06
3140	212000	982000	1.03e+06
3150	212000	983000	1.03e+06
3160	213000	983000	1.03e+06
3170	213000	984000	1.03e+06
3180	214000	985000	1.03e+06
3190	214000	985000	1.03e+06
3200	215000	986000	1.03e+06
3210	216000	986000	1.03e+06
3220	216000	987000	1.03e+06
3230	217000	987000	1.03e+06
3240	217000	987000	1.03e+06
3250	218000	988000	1.03e+06
3260	219000	988000	1.03e+06
3270	219000	988000	1.03e+06
3280	220000	989000	1.03e+06
3290	221000	989000	1.03e+06
3300	222000	989000	1.03e+06
3310	222000	989000	1.03e+06
3320	224000	990000	1.03e+06
3330	225000	990000	1.03e+06
3340	226000	990000	1.03e+06
3350	227000	990000	1.03e+06
3360	228000	990000	1.03e+06
3370	229000	990000	1.03e+06
3380	230000	991000	1.03e+06
3390	231000	991000	1.03e+06
3400	231000	991000	1.03e+06
3410	232000	991000	1.03e+06
3420	235000	991000	1.03e+06
3430	237000	991000	1.03e+06
3440	239000	991000	1.03e+06
3450	240000	991000	1.03e+06
3460	243000	991000	1.03e+06
3470	245000	991000	1.03e+06
3480	248000	991000	1.03e+06
3490	250000	991000	1.03e+06
3500	253000	991000	1.03e+06
3510	254000	991000	1.03e+06
3520	263000	992000	1.03e+06
3530	266000	992000	1.03e+06
3540	277000	992000	1.03e+06
3550	281000	992000	1.03e+06
3560	312000	992000	1.03e+06
3570	631000	992000	1.03e+06
3580	636000	992000	1.03e+06
3590	641000	992000	1.03e+06
3600	644000	992000	1.03e+06
3610	646000	992000	1.03e+06
3620	647000	992000	1.03e+06
3630	648000	992000	1.03e+06
3640	648000	992000	1.03e+06
3650	649000	992000	1.03e+06
3660	650000	992000	1.03e+06
3670	651000	992000	1.03e+06
3680	651000	992000	1.03e+06
3690	652000	992000	1.03e+06
3700	652000	992000	1.03e+06
3710	653000	992000	1.03e+06
3720	655000	992000	1.03e+06
3730	655000	992000	1.03e+06
3740	655000	992000	1.03e+06
3750	656000	992000	1.03e+06
3760	656000	992000	1.03e+06
3770	657000	992000	1.03e+06
3780	658000	992000	1.03e+06
3790	658000	992000	1.03e+06
3800	659000	992000	1.03e+06
3810	659000	992000	1.03e+06
3820	659000	992000	1.03e+06
3830	660000	992000	1.03e+06
3840	660000	992000	1.03e+06
3850	661000	992000	1.03e+06
3860	661000	992000	1.03e+06
3870	661000	992000	1.03e+06
3890	661000	992000	1.03e+06
3910	661000	992000	1.03e+06
3920	661000	992000	1.03e+06
3930	662000	992000	1.03e+06
3940	662000	992000	1.03e+06
3960	662000	992000	1.03e+06
3970	662000	992000	1.03e+06
3980	662000	992000	1.03e+06
4000	663000	992000	1.03e+06
4020	663000	992000	1.03e+06
4030	663000	992000	1.03e+06
4070	663000	992000	1.03e+06
4090	663000	992000	1.03e+06
4100	663000	992000	1.03e+06
4270	663000	992000	1.03e+06
4310	663000	992000	1.03e+06
4320	663000	992000	1.03e+06
1.55e+06	663000	992000	1.03e+06
1.57e+06	663000	992000	1.03e+06
1.59e+06	663000	992000	1.03e+06
1.6e+06	663000	992000	1.03e+06
1.61e+06	663000	992000	1.03e+06
1.63e+06	663000	992000	1.03e+06
1.64e+06	663000	992000	1.03e+06
1.65e+06	663000	992000	1.03e+06
1.66e+06	663000	992000	1.03e+06
1.67e+06	663000	992000	1.03e+06
1.68e+06	663000	992000	1.03e+06
1.69e+06	663000	992000	1.03e+06
1.7e+06	663000	992000	1.03e+06
1.71e+06	663000	992000	1.03e+06
1.72e+06	663000	992000	1.03e+06
1.73e+06	663000	992000	1.03e+06
1.74e+06	663000	992000	1.03e+06
1.75e+06	663000	992000	1.03e+06
1.76e+06	663000	992000	1.03e+06
1.77e+06	663000	992000	1.03e+06
1.78e+06	663000	992000	1.03e+06
1.79e+06	663000	992000	1.03e+06
1.8e+06	663000	992000	1.03e+06
1.81e+06	663000	992000	1.03e+06
1.82e+06	663000	992000	1.03e+06
1.83e+06	663000	992000	1.03e+06
1.84e+06	663000	992000	1.03e+06
1.85e+06	663000	992000	1.03e+06
1.87e+06	663000	992000	1.03e+06
1.88e+06	663000	992000	1.03e+06
1.89e+06	663000	992000	1.03e+06
1.9e+06	663000	992000	1.03e+06
1.91e+06	663000	992000	1.03e+06
1.92e+06	663000	992000	1.03e+06
1.93e+06	663000	992000	1.03e+06
1.94e+06	663000	992000	1.03e+06
1.95e+06	663000	992000	1.03e+06
1.96e+06	663000	992000	1.03e+06
1.97e+06	663000	992000	1.03e+06
1.98e+06	663000	992000	1.03e+06
1.99e+06	663000	992000	1.03e+06
2e+06	663000	992000	1.03e+06
2.01e+06	663000	992000	1.03e+06
2.02e+06	663000	992000	1.03e+06
2.03e+06	663000	992000	1.03e+06
2.04e+06	663000	992000	1.03e+06
2.05e+06	663000	992000	1.03e+06
2.06e+06	663000	992000	1.03e+06
2.07e+06	663000	992000	1.03e+06
2.08e+06	663000	992000	1.03e+06
2.09e+06	663000	992000	1.03e+06
2.1e+06	663000	992000	1.03e+06
2.11e+06	663000	992000	1.03e+06
2.12e+06	663000	992000	1.03e+06
2.13e+06	663000	992000	1.03e+06
#Time	LowerQ	Median	UpperQ
0	293000	380000	522000
133	293000	380000	522000
156	293000	380000	522000
279	293000	380000	522000
2540	293000	380000	522000
2650	293000	380000	522000
2670	293000	380000	522000
2680	293000	380000	522000
2700	293000	380000	522000
2730	293000	380000	522000
2740	293000	380000	522000
2750	293000	380000	523000
2760	293000	380000	523000
2770	293000	380000	524000
2780	293000	380000	524000
2790	293000	380000	524000
2800	293000	380000	525000
2810	293000	380000	525000
2820	293000	380000	526000
2830	293000	380000	528000
2840	293000	380000	530000
2850	293000	380000	531000
2860	293000	380000	534000
2870	293000	380000	537000
2880	293000	380000	539000
2890	293000	380000	546000
2900	293000	380000	554000
2910	293000	380000	559000
2920	293000	380000	577000
2930	293000	380000	605000
2940	293000	380000	1.14e+06
2950	293000	380000	1.15e+06
2960	293000	380000	1.15e+06
2970	293000	380000	1.15e+06
2980	293000	380000	1.15e+06
2990	293000	380000	1.16e+06
3000	293000	381000	1.16e+06
3010	292000	380000	1.16e+06
3020	293000	381000	1.16e+06
3030	293000	381000	1.16e+06
3040	292000	381000	1.16e+06
3050	293000	381000	1.16e+06
3060	293000	381000	1.16e+06
3070	292000	381000	1.16e+06
3080	292000	382000	1.17e+06
3090	292000	382000	1.17e+06
3100	292000	382000	1.17e+06
3110	292000	383000	1.17e+06
3120	292000	383000	1.17e+06
3130	292000	384000	1.17e+06
3140	292000	384000	1.17e+06
3150	292000	385000	1.17e+06
3160	292000	385000	1.17e+06
3170	292000	386000	1.17e+06
3180	290000	387000	1.17e+06
3190	291000	388000	1.17e+06
3200	291000	390000	1.17e+06
3210	290000	391000	1.17e+06
3220	290000	393000	1.17e+06
3230	292000	396000	1.18e+06
3240	292000	398000	1.18e+06
3250	291000	401000	1.18e+06
3260	292000	405000	1.18e+06
3270	292000	410000	1.18e+06
3280	292000	416000	1.18e+06
3290	292000	423000	1.18e+06
3300	292000	435000	1.18e+06
3310	291000	466000	1.18e+06
3320	292000	1.12e+06	1.18e+06
3330	292000	1.13e+06	1.18e+06
3340	293000	1.14e+06	1.18e+06
3350	294000	1.14e+06	1.18e+06
3360	294000	1.14e+06	1.18e+06
3370	293000	1.14e+06	1.18e+06
3380	294000	1.14e+06	1.18e+06
3390	294000	1.15e+06	1.18e+06
3400	295000	1.15e+06	1.18e+06
3410	295000	1.15e+06	1.18e+06
3420	296000	1.15e+06	1.18e+06
3430	296000	1.15e+06	1.18e+06
3440	296000	1.15e+06	1.18e+06
3450	296000	1.15e+06	1.18e+06
3460	296000	1.15e+06	1.18e+06
3470	297000	1.15e+06	1.18e+06
3480	298000	1.15e+06	1.18e+06
3490	300000	1.15e+06	1.18e+06
3500	300000	1.15e+06	1.18e+06
3510	300000	1.15e+06	1.18e+06
3520	302000	1.15e+06	1.18e+06
3530	302000	1.15e+06	1.18e+06
3540	305000	1.15e+06	1.18e+06
3550	306000	1.15e+06	1.18e+06
3560	306000	1.15e+06	1.18e+06
3570	307000	1.15e+06	1.18e+06
3580	308000	1.15e+06	1.18e+06
3590	310000	1.15e+06	1.18e+06
3600	311000	1.15e+06	1.18e+06
3610	312000	1.15e+06	1.18e+06
3620	315000	1.15e+06	1.18e+06
3630	317000	1.15e+06	1.18e+06
3640	320000	1.15e+06	1.18e+06
3650	322000	1.15e+06	1.18e+06
3660	325000	1.15e+06	1.18e+06
3670	331000	1.15e+06	1.18e+06
3680	332000	1.15e+06	1.18e+06
3690	337000	1.15e+06	1.18e+06
3700	342000	1.15e+06	1.18e+06
3710	346000	1.15e+06	1.18e+06
3720	352000	1.15e+06	1.18e+06
3730	355000	1.15e+06	1.18e+06
3740	366000	1.15e+06	1.18e+06
3750	381000	1.15e+06	1.18e+06
3760	618000	1.15e+06	1.18e+06
3770	748000	1.15e+06	1.18e+06
3780	751000	1.15e+06	1.18e+06
3790	755000	1.16e+06	1.18e+06
3800	757000	1.16e+06	1.18e+06
3810	758000	1.16e+06	1.18e+06
3820	758000	1.16e+06	1.18e+06
3830	759000	1.16e+06	1.18e+06
3840	760000	1.16e+06	1.18e+06
3850	761000	1.16e+06	1.18e+06
3860	761000	1.16e+06	1.18e+06
3870	762000	1.16e+06	1.18e+06
3880	762000	1.16e+06	1.18e+06
3890	763000	1.16e+06	1.18e+06
3900	763000	1.16e+06	1.18e+06
3910	763000	1.16e+06	1.18e+06
3920	763000	1.16e+06	1.18e+06
3930	763000	1.16e+06	1.18e+06
3940	763000	1.16e+06	1.18e+06
3950	764000	1.16e+06	1.18e+06
3960	764000	1.16e+06	1.18e+06
3970	764000	1.16e+06	1.18e+06
3980	765000	1.16e+06	1.18e+06
3990	765000	1.16e+06	1.18e+06
4000	765000	1.16e+06	1.18e+06
4010	765000	1.16e+06	1.18e+06
4020	765000	1.16e+06	1.18e+06
4030	765000	1.16e+06	1.18e+06
4040	766000	1.16e+06	1.18e+06
4050	766000	1.16e+06	1.18e+06
4080	766000	1.16e+06	1.18e+06
4090	766000	1.16e+06	1.18e+06
4100	766000	1.16e+06	1.18e+06
4110	766000	1.16e+06	1.18e+06
4120	766000	1.16e+06	1.18e+06
4130	766000	1.16e+06	1.18e+06
4140	766000	1.16e+06	1.18e+06
4150	766000	1.16e+06	1.18e+06
4160	766000	1.16e+06	1.18e+06
4170	766000	1.16e+06	1.18e+06
4180	766000	1.16e+06	1.18e+06
4190	766000	1.16e+06	1.18e+06
4220	766000	1.16e+06	1.18e+06
4230	767000	1.16e+06	1.18e+06
4240	767000	1.16e+06	1.18e+06
4250	767000	1.16e+06	1.18e+06
4260	767000	1.16e+06	1.18e+06
4360	767000	1.16e+06	1.18e+06
4410	767000	1.16e+06	1.18e+06
4430	767000	1.16e+06	1.18e+06
4470	767000	1.16e+06	1.18e+06
4540	767000	1.16e+06	1.18e+06
4580	767000	1.16e+06	1.18e+06
4590	767000	1.16e+06	1.18e+06
4610	767000	1.16e+06	1.18e+06
4750	767000	1.16e+06	1.18e+06
1.85e+06	767000	1.16e+06	1.18e+06
1.86e+06	767000	1.16e+06	1.18e+06
1.87e+06	767000	1.16e+06	1.18e+06
1.9e+06	767000	1.16e+06	1.18e+06
1.92e+06	767000	1.16e+06	1.18e+06
1.94e+06	767000	1.16e+06	1.18e+06
1.97e+06	767000	1.16e+06	1.18e+06
1.98e+06	767000	1.16e+06	1.18e+06
1.99e+06	767000	1.16e+06	1.18e+06
2e+06	767000	1.16e+06	1.18e+06
2.01e+06	767000	1.16e+06	1.18e+06
2.02e+06	767000	1.16e+06	1.18e+06
2.03e+06	767000	1.16e+06	1.18e+06
2.04e+06	767000	1.16e+06	1.18e+06
2.05e+06	767000	1.16e+06	1.18e+06
2.06e+06	767000	1.16e+06	1.18e+06
2.07e+06	767000	1.16e+06	1.18e+06
2.08e+06	767000	1.16e+06	1.18e+06
2.09e+06	767000	1.16e+06	1.18e+06
2.1e+06	767000	1.16e+06	1.18e+06
2.11e+06	767000	1.16e+06	1.18e+06
2.23e+06	767000	1.16e+06	1.18e+06
2.24e+06	767000	1.16e+06	1.18e+06
2.25e+06	767000	1.16e+06	1.18e+06
2.26e+06	767000	1.16e+06	1.18e+06
2.27e+06	767000	1.16e+06	1.18e+06
2.28e+06	767000	1.16e+06	1.18e+06
2.29e+06	767000	1.16e+06	1.18e+06
2.3e+06	767000	1.16e+06	1.18e+06
2.31e+06	767000	1.16e+06	1.18e+06
2.32e+06	767000	1.16e+06	1.18e+06
2.33e+06	767000	1.16e+06	1.18e+06
2.34e+06	767000	1.16e+06	1.18e+06
2.35e+06	767000	1.16e+06	1.18e+06
2.36e+06	767000	1.16e+06	1.18e+06
2.37e+06	767000	1.16e+06	1.18e+06
2.38e+06	767000	1.16e+06	1.18e+06
2.39e+06	767000	1.16e+06	1.18e+06
2.4e+06	767000	1.16e+06	1.18e+06
2.41e+06	767000	1.16e+06	1.18e+06
#Time	LowerQ	Median	UpperQ
0	239000	324000	478000
2.08	241000	324000	480000
3.75	241000	324000	480000
7.69	241000	324000	480000
11.7	241000	324000	480000
13.7	241000	324000	481000
15.7	241000	324000	481000
17.3	241000	324000	481000
18.9	241000	324000	482000
22.1	241000	324000	482000
25.3	241000	324000	483000
30	242000	324000	484000
32.5	242000	324000	484000
33.8	242000	324000	485000
34.8	242000	324000	485000
37.8	242000	324000	486000
45.3	242000	324000	486000
46.8	242000	324000	486000
50.1	243000	324000	487000
116	243000	324000	487000
122	243000	324000	487000
148	243000	324000	487000
153	243000	324000	487000
157	243000	324000	487000
166	243000	324000	487000
172	243000	324000	486000
173	242000	324000	486000
176	242000	324000	486000
190	242000	324000	486000
201	242000	324000	485000
208	242000	324000	485000
211	242000	324000	485000
214	242000	324000	485000
215	242000	324000	485000
218	242000	324000	484000
219	242000	324000	484000
220	242000	324000	484000
225	242000	324000	484000
228	242000	324000	484000
234	242000	324000	484000
239	242000	324000	484000
247	242000	324000	483000
249	242000	324000	483000
256	242000	324000	482000
261	241000	324000	482000
267	241000	324000	482000
269	241000	324000	482000
270	241000	324000	481000
272	241000	324000	481000
287	241000	324000	481000
288	241000	324000	481000
296	241000	324000	481000
297	241000	324000	481000
301	241000	324000	481000
304	241000	324000	481000
308	241000	324000	480000
309	241000	324000	480000
324	241000	324000	480000
338	241000	324000	480000
342	241000	324000	480000
352	241000	324000	479000
372	241000	324000	479000
374	241000	324000	480000
381	241000	324000	480000
396	241000	324000	480000
405	241000	324000	480000
415	241000	324000	480000
418	241000	324000	480000
452	241000	324000	480000
464	241000	324000	480000
468	241000	324000	480000
475	241000	324000	480000
499	241000	324000	480000
2470	241000	324000	480000
2510	241000	324000	479000
2660	241000	324000	479000
2690	241000	324000	479000
2710	241000	324000	479000
2730	241000	324000	479000
2750	241000	324000	479000
2760	241000	324000	479000
2770	241000	324000	478000
2780	240000	324000	479000
2790	240000	324000	479000
2800	241000	324000	479000
2810	240000	324000	479000
2820	240000	324000	479000
2830	240000	324000	479000
2840	240000	324000	479000
2850	240000	324000	479000
2860	240000	324000	479000
2870	240000	324000	480000
2880	240000	324000	481000
2890	240000	324000	481000
2900	240000	324000	481000
2910	240000	324000	484000
2920	240000	324000	486000
2930	240000	324000	487000
2940	240000	324000	488000
2950	240000	324000	488000
2960	240000	324000	490000
2970	240000	324000	491000
2980	239000	324000	492000
2990	239000	324000	499000
3000	239000	324000	503000
3010	238000	324000	517000
3020	239000	324000	527000
3030	238000	324000	552000
3040	239000	324000	718000
3050	238000	324000	943000
3060	238000	324000	949000
3070	238000	324000	953000
3080	238000	324000	956000
3090	238000	324000	958000
3100	238000	324000	961000
3110	238000	324000	963000
3120	238000	324000	964000
3130	237000	324000	967000
3140	237000	324000	969000
3150	237000	324000	971000
3160	237000	324000	972000
3170	237000	324000	973000
3180	237000	324000	974000
3190	237000	325000	975000
3200	237000	325000	976000
3210	237000	325000	977000
3220	237000	325000	977000
3230	237000	325000	979000
3240	237000	326000	979000
3250	237000	326000	980000
3260	237000	326000	981000
3270	237000	326000	982000
3280	237000	327000	982000
3290	237000	327000	983000
3300	237000	327000	983000
3310	236000	328000	984000
3320	236000	328000	984000
3330	237000	329000	984000
3340	237000	329000	985000
3350	236000	330000	985000
3360	237000	331000	986000
3370	237000	331000	986000
3380	236000	332000	986000
3390	236000	333000	987000
3400	235000	334000	987000
3410	236000	336000	987000
3420	236000	338000	988000
3430	236000	340000	988000
3440	236000	342000	988000
3450	236000	344000	989000
3460	236000	347000	989000
3470	236000	350000	989000
3480	236000	355000	989000
3490	237000	359000	989000
3500	235000	363000	990000
3510	236000	372000	990000
3520	237000	387000	990000
3530	236000	417000	991000
3540	237000	930000	991000
3550	236000	940000	991000
3560	236000	945000	991000
3570	237000	947000	991000
3580	237000	949000	991000
3590	237000	950000	991000
3600	237000	951000	992000
3610	237000	953000	992000
3620	238000	954000	992000
3630	237000	955000	992000
3640	237000	956000	992000
3650	238000	956000	992000
3660	238000	957000	993000
3670	239000	957000	993000
3680	239000	958000	993000
3690	240000	958000	993000
3700	240000	959000	993000
3710	240000	959000	993000
3720	240000	960000	993000
3730	241000	960000	993000
3740	241000	961000	993000
3750	241000	961000	994000
3760	241000	961000	994000
3770	241000	961000	994000
3780	242000	962000	994000
3790	243000	962000	994000
3800	243000	962000	994000
3810	243000	963000	994000
3820	243000	963000	994000
3830	244000	963000	994000
3840	244000	963000	994000
3850	244000	963000	994000
3860	245000	963000	994000
3870	245000	963000	994000
3880	245000	964000	994000
3890	245000	964000	994000
3900	246000	964000	994000
3910	246000	964000	995000
3920	246000	964000	995000
3930	247000	964000	995000
3940	247000	964000	995000
3950	247000	964000	995000
3960	249000	965000	995000
3970	248000	965000	995000
3980	249000	965000	995000
3990	250000	965000	995000
4000	251000	965000	995000
4010	252000	965000	995000
4020	252000	965000	995000
4030	252000	965000	995000
4040	253000	965000	995000
4050	255000	965000	995000
4060	255000	965000	995000
4070	256000	965000	995000
4080	257000	965000	995000
4090	258000	965000	995000
4100	259000	965000	995000
4110	261000	965000	996000
4120	261000	965000	996000
4130	262000	965000	996000
4140	264000	965000	996000
4150	266000	966000	996000
4160	267000	966000	996000
4170	268000	966000	996000
4180	272000	966000	996000
4190	277000	966000	996000
4200	279000	966000	996000
4210	334000	966000	996000
4220	520000	966000	996000
4230	525000	966000	996000
4240	614000	966000	996000
4250	625000	966000	996000
4260	626000	966000	996000
4270	628000	966000	996000
4280	629000	966000	996000
4290	631000	966000	996000
4300	632000	966000	996000
4310	634000	966000	996000
4320	635000	966000	996000
4330	636000	966000	996000
4340	637000	966000	996000
4350	638000	966000	996000
4360	638000	966000	996000
4370	639000	966000	996000
4380	640000	966000	996000
4390	640000	966000	996000
4400	641000	966000	996000
4410	641000	966000	996000
4420	641000	966000	996000
4430	643000	966000	996000
4440	643000	966000	996000
4450	643000	966000	996000
4460	643000	966000	996000
4470	643000	966000	996000
4480	643000	966000	996000
4490	644000	966000	996000
4500	645000	966000	996000
4510	645000	966000	996000
4520	646000	966000	996000
4530	646000	966000	996000
4540	647000	966000	996000
4550	647000	966000	996000
4560	649000	966000	996000
4570	650000	966000	996000
4580	650000	966000	997000
4590	650000	966000	997000
4600	651000	966000	997000
4610	651000	966000	997000
4620	652000	966000	997000
4630	655000	966000	997000
4640	656000	966000	997000
4650	658000	966000	997000
4670	659000	966000	997000
4680	660000	966000	997000
4690	662000	966000	997000
4700	663000	966000	997000
4710	663000	966000	997000
4730	908000	966000	997000
4750	914000	966000	997000
4760	917000	966000	997000
4770	918000	966000	997000
4790	918000	966000	997000
4800	918000	966000	997000
4830	919000	966000	997000
4840	921000	966000	997000
4850	921000	966000	997000
4860	922000	966000	997000
4870	922000	966000	997000
4890	923000	966000	997000
4900	924000	966000	997000
4910	925000	966000	997000
4920	925000	966000	997000
4930	925000	966000	997000
5010	925000	966000	997000
5050	926000	966000	997000
5070	926000	966000	997000
5120	926000	966000	997000
5140	926000	966000	997000
5150	926000	966000	997000
5210	926000	966000	997000
5240	926000	966000	997000
5380	926000	966000	997000
5480	926000	966000	997000
5530	926000	966000	997000
5540	927000	966000	997000
5610	927000	966000	997000
5670	927000	966000	997000
5800	927000	966000	997000
6040	927000	966000	997000
6410	927000	966000	997000
6640	927000	966000	997000
1.55e+06	928000	966000	997000
1.56e+06	928000	966000	997000
1.57e+06	928000	966000	997000
1.58e+06	928000	966000	997000
1.59e+06	928000	966000	997000
1.64e+06	928000	966000	997000
1.65e+06	928000	966000	997000
1.66e+06	928000	966000	997000
1.67e+06	928000	966000	997000
1.68e+06	928000	966000	997000
1.69e+06	928000	966000	997000
1.7e+06	928000	966000	997000
1.71e+06	928000	966000	997000
1.72e+06	928000	966000	997000
1.73e+06	928000	966000	997000
1.74e+06	928000	966000	997000
1.75e+06	928000	966000	997000
1.76e+06	928000	966000	997000
1.77e+06	928000	966000	997000
1.82e+06	928000	966000	997000
1.83e+06	928000	966000	997000
1.84e+06	928000	966000	997000
1.85e+06	928000	966000	997000
1.86e+06	928000	966000	997000
1.87e+06	928000	966000	997000
1.88e+06	928000	966000	997000
1.89e+06	928000	966000	997000
1.9e+06	928000	966000	997000
1.91e+06	928000	966000	997000
1.92e+06	928000	966000	997000
1.93e+06	928000	966000	997000
1.94e+06	928000	966000	997000
1.95e+06	928000	966000	997000
1.96e+06	928000	966000	997000
1.97e+06	928000	966000	997000
1.98e+06	928000	966000	997000
1.99e+06	928000	966000	997000
2e+06	928000	966000	997000
2.01e+06	928000	966000	997000
2.02e+06	928000	966000	997000
2.03e+06	928000	966000	997000
2.04e+06	928000	966000	997000
2.05e+06	928000	966000	997000
2.06e+06	928000	966000	997000
2.07e+06	928000	966000	997000
#Time	LowerQ	Median	UpperQ
0	262000	351000	508000
534	262000	351000	508000
556	262000	351000	508000
595	262000	351000	507000
644	262000	351000	507000
687	262000	351000	507000
727	262000	351000	506000
734	262000	351000	506000
748	262000	351000	506000
1390	262000	351000	506000
2030	262000	351000	506000
2050	262000	351000	505000
2110	262000	350000	505000
2120	262000	350000	505000
2140	262000	350000	505000
2160	261000	350000	504000
2170	261000	350000	504000
2180	261000	350000	504000
2190	261000	350000	504000
2200	261000	350000	504000
2210	260000	350000	504000
2220	260000	350000	504000
2230	260000	350000	503000
2240	259000	350000	502000
2250	259000	350000	502000
2260	259000	350000	501000
2270	258000	350000	501000
2280	257000	350000	500000
2290	257000	350000	499000
2300	256000	350000	498000
2310	255000	349000	498000
2320	254000	349000	496000
2330	253000	349000	495000
2340	252000	349000	495000
2350	251000	349000	494000
2360	249000	349000	493000
2370	247000	348000	492000
2380	245000	348000	491000
2390	240000	348000	491000
2400	233000	348000	490000
2410	215000	347000	489000
2420	69300	347000	487000
2430	66600	347000	484000
2440	64800	346000	483000
2450	63700	346000	482000
2460	62600	345000	479000
2470	61900	345000	477000
2480	61200	344000	475000
2490	60700	344000	475000
2500	60400	343000	474000
2510	59900	343000	472000
2520	59600	342000	468000
2530	59300	341000	468000
2540	59000	341000	467000
2550	58700	340000	465000
2560	58400	339000	463000
2570	58100	338000	460000
2580	57800	336000	457000
2590	57600	335000	455000
2600	57400	334000	454000
2610	57100	333000	452000
2620	56800	332000	450000
2630	56600	331000	449000
2640	56300	330000	447000
2650	56100	329000	444000
2660	55900	327000	443000
2670	55700	326000	442000
2680	55500	324000	439000
2690	55400	323000	437000
2700	55200	322000	435000
2710	55100	320000	434000
2720	54900	318000	431000
2730	54800	316000	428000
2740	54700	314000	427000
2750	54600	312000	424000
2760	54500	310000	421000
2770	54400	308000	420000
2780	54200	306000	419000
2790	54100	304000	415000
2800	54000	301000	413000
2810	53800	298000	412000
2820	53700	296000	408000
2830	53600	292000	406000
2840	53400	288000	404000
2850	53300	285000	401000
2860	53100	280000	399000
2870	53100	275000	398000
2880	52900	268000	395000
2890	52800	261000	393000
2900	52800	247000	390000
2910	52700	71300	389000
2920	52600	69000	386000
2930	52500	67700	385000
2940	52400	66900	383000
2950	52300	66200	381000
2960	52100	65600	378000
2970	52100	65100	377000
2980	52000	64800	374000
2990	51900	64400	372000
3000	51900	64000	370000
3010	51800	63700	368000
3020	51700	63400	365000
3030	51700	63200	364000
3040	51600	63000	361000
3050	51600	62800	359000
3060	51500	62600	358000
3070	51400	62400	355000
3080	51400	62200	352000
3090	51300	62100	350000
3100	51300	62000	348000
3110	51100	61900	347000
3120	51100	61800	346000
3130	51100	61700	343000
3140	51000	61600	341000
3150	50900	61400	339000
3160	50800	61400	336000
3170	50800	61300	334000
3180	50800	61200	332000
3190	50800	61200	330000
3200	50800	61100	328000
3210	50800	61000	325000
3220	50700	61000	323000
3230	50700	60900	322000
3240	50600	60800	319000
3250	50600	60800	317000
3260	50500	60800	315000
3270	50500	60700	312000
3280	50500	60700	310000
3290	50400	60600	308000
3300	50400	60600	306000
3310	50400	60600	304000
3320	50400	60500	302000
3330	50400	60500	300000
3340	50300	60500	299000
3350	50300	60400	297000
3360	50300	60400	295000
3370	50300	60400	293000
3380	50300	60400	291000
3390	50300	60300	289000
3400	50300	60300	288000
3410	50300	60300	287000
3420	50300	60300	284000
3430	50300	60200	282000
3440	50300	60200	279000
3450	50200	60200	277000
3460	50200	60200	275000
3470	50200	60200	273000
3480	50200	60200	270000
3490	50200	60100	267000
3500	50200	60100	266000
3510	50200	60100	264000
3520	50200	60100	263000
3530	50200	60100	259000
3540	50200	60100	256000
3550	50200	60100	254000
3560	50200	60100	253000
3570	50200	60100	249000
3580	50200	60000	245000
3590	50100	60000	240000
3600	50100	60000	232000
3610	50100	60000	219000
3620	50100	60000	200000
3630	50100	60000	77600
3640	50100	60000	77000
3650	50100	60000	75700
3660	50100	60000	75400
3670	50100	60000	74900
3680	50100	60000	74100
3690	50100	60000	73800
3700	50100	60000	73300
3710	50100	60000	73200
3720	50100	60000	73100
3730	50100	60000	72800
3740	50100	60000	72600
3750	50100	60000	72500
3760	50100	59900	72300
3770	50100	59900	72200
3780	50100	59900	72100
3790	50100	59900	72100
3800	50100	59900	72100
3810	50100	59900	72000
3820	50100	59900	72000
3830	50100	59900	71900
3840	50100	59900	71900
3850	50100	59900	71900
3860	50100	59900	71800
3870	50100	59900	71800
3880	50100	59900	71800
3890	50100	59900	71800
3900	50100	59900	71700
3910	50100	59900	71700
3920	50100	59900	71700
3930	50100	59900	71600
3940	50100	59900	71500
3950	50100	59900	71500
3960	50100	59900	71500
3970	50100	59900	71500
3980	50100	59900	71400
3990	50100	59900	71400
4000	50100	59900	71400
4010	50100	59900	71400
4020	50100	59900	71400
4030	50100	59900	71300
4040	50100	59900	71300
4050	50100	59900	71300
4070	50100	59900	71300
4080	50100	59900	71300
4090	50100	59900	71300
4110	50100	59900	71200
4120	50100	59900	71200
4140	50100	59900	71200
4160	50100	59900	71200
4170	50100	59900	71200
4180	50100	59900	71200
4190	50100	59900	71200
4210	50100	59900	71200
4220	50100	59900	71200
4230	50100	59900	71200
4250	50100	59900	71100
4290	50100	59900	71100
4310	50100	59900	71100
4320	50100	59900	71100
4350	50100	59900	71100
4360	50100	59900	71100
4380	50100	59900	71100
4390	50100	59900	71100
4420	50100	59900	71100
4480	50100	59900	71100
4530	50100	59900	71100
4560	50100	59900	71000
4610	50100	59900	71000
5220	50100	59900	71000
5240	50100	59900	71000
5270	50100	59900	71000
5280	50100	59900	71000
5290	50100	59900	71000
5340	50100	59900	71100
5360	50100	59900	71100
5370	50100	59900	71100
5390	50000	59900	71100
5400	50100	59900	71100
5420	50100	59900	71100
5430	50100	59900	71100
5440	50000	59900	71100
5460	50000	59900	71100
5470	50000	59900	71100
5480	50000	59900	71100
5490	50000	59900	71100
5500	50000	59900	71100
5510	50000	59900	71200
5520	50000	59900	71200
5530	50000	59900	71200
5540	50000	59900	71200
5560	50000	59900	71300
5570	50000	59900	71300
5580	50000	59900	71300
5590	50000	59900	71300
5610	50000	59900	71300
5620	50000	59900	71300
5630	49900	59900	71400
5640	49900	59900	71400
5650	49900	59900	71400
5660	49900	59900	71400
5670	49900	59900	71400
5680	49900	59900	71500
5690	49900	59900	71500
5700	49900	59900	71500
5710	49900	59900	71600
5720	49900	59900	71600
5730	49900	59900	71700
5740	49900	59900	71700
5750	49900	59900	71700
5760	49800	59900	71800
5770	49800	59900	71800
5780	49800	59900	71800
5790	49800	59900	71900
5800	49800	59900	72000
5810	49700	59900	72000
5820	49700	59900	72000
5830	49600	59900	72100
5840	49600	59900	72100
5850	49600	59900	72100
5860	49600	59900	72200
5870	49600	59900	72300
5880	49600	59900	72300
5890	49500	59900	72500
5900	49500	59900	72600
5910	49500	59900	72700
5920	49400	59900	72800
5930	49400	59900	73100
5940	49400	59900	73100
5950	49300	59900	73200
5960	49300	59900	73300
5970	49200	59900	73600
5980	49200	59900	73900
5990	49100	59900	74400
6000	49000	59900	74900
6010	49000	59900	75400
6020	49000	59900	76100
6030	48800	59900	77000
6040	48800	59900	77700
6050	48800	59900	565000
6060	48700	59900	568000
6070	48500	59900	571000
6080	48400	59900	575000
6090	48200	59800	1.02e+06
6100	47800	59800	1.03e+06
6110	47700	59800	1.03e+06
6120	47500	59800	1.03e+06
6130	47300	59800	1.03e+06
6140	47000	59800	1.03e+06
6150	46500	59800	1.03e+06
6160	46000	59800	1.04e+06
6170	45900	59800	1.04e+06
6180	45300	59800	1.04e+06
6190	43700	59800	1.04e+06
6200	14900	59800	1.04e+06
6210	2220	59800	1.04e+06
6220	1610	59800	1.04e+06
6230	1500	59800	1.04e+06
6240	1320	59800	1.04e+06
6250	1230	59800	1.04e+06
6260	1210	59800	1.04e+06
6270	1120	59800	1.04e+06
6280	1110	59800	1.04e+06
6290	1070	59700	1.04e+06
6300	986	59700	1.04e+06
6310	996	59700	1.04e+06
6320	986	59700	1.04e+06
6330	951	59700	1.04e+06
6340	944	59800	1.04e+06
6350	931	59800	1.04e+06
6360	892	59800	1.05e+06
6370	849	59700	1.05e+06
6380	822	59700	1.05e+06
6390	822	59700	1.05e+06
6400	815	59700	1.05e+06
6410	811	59700	1.05e+06
6420	791	59800	1.05e+06
6430	775	59800	1.05e+06
6440	784	59800	1.05e+06
6450	764	59800	1.05e+06
6460	764	59800	1.05e+06
6470	772	59800	1.05e+06
6480	770	59800	1.05e+06
6490	780	59800	1.05e+06
6500	758	59800	1.05e+06
6510	754	59800	1.05e+06
6520	747	59800	1.05e+06
6530	741	59800	1.05e+06
6540	732	59800	1.05e+06
6550	732	59800	1.05e+06
6560	735	59800	1.05e+06
6570	741	59900	1.05e+06
6580	725	59900	1.05e+06
6590	752	59900	1.05e+06
6600	726	59900	1.05e+06
6610	725	60000	1.05e+06
6620	730	60000	1.05e+06
6630	730	60000	1.05e+06
6640	741	60000	1.05e+06
6650	739	60100	1.05e+06
6660	725	60100	1.05e+06
6670	725	60100	1.05e+06
6680	732	60100	1.05e+06
6690	726	60200	1.05e+06
6700	726	60200	1.05e+06
6710	714	60200	1.05e+06
6720	720	60300	1.05e+06
6730	725	60300	1.05e+06
6740	726	60300	1.05e+06
6750	725	60400	1.05e+06
6760	720	60400	1.05e+06
6770	694	60400	1.05e+06
6780	691	60500	1.05e+06
6790	694	60500	1.05e+06
6800	725	60600	1.05e+06
6810	700	60600	1.05e+06
6820	693	60600	1.05e+06
6830	698	60700	1.05e+06
6840	714	60800	1.06e+06
6850	700	60800	1.06e+06
6860	693	60800	1.06e+06
6870	693	60900	1.06e+06
6880	713	60900	1.06e+06
6890	725	61000	1.06e+06
6900	708	61000	1.06e+06
6910	725	61100	1.06e+06
6920	714	61200	1.06e+06
6930	730	61300	1.06e+06
6940	700	61300	1.06e+06
6950	726	61400	1.06e+06
6960	730	61500	1.06e+06
6970	732	61600	1.06e+06
6980	726	61700	1.06e+06
6990	737	61800	1.06e+06
7000	752	61900	1.06e+06
7010	743	61900	1.06e+06
7020	748	62000	1.06e+06
7030	754	62100	1.06e+06
7040	753	62200	1.06e+06
7050	753	62300	1.06e+06
7060	754	62500	1.06e+06
7070	754	62700	1.06e+06
7080	759	62800	1.06e+06
7090	756	63000	1.06e+06
7100	756	63200	1.06e+06
7110	776	63500	1.06e+06
7120	783	63800	1.06e+06
7130	780	64100	1.06e+06
7140	787	64500	1.06e+06
7150	787	64900	1.06e+06
7160	811	65400	1.06e+06
7170	811	66100	1.06e+06
7180	818	66700	1.06e+06
7190	837	67400	1.06e+06
7200	873	68700	1.06e+06
7210	873	70600	1.06e+06
7220	873	75400	1.06e+06
7230	876	575000	1.06e+06
7240	891	693000	1.06e+06
7250	889	703000	1.06e+06
7260	898	1.02e+06	1.06e+06
7270	910	1.02e+06	1.06e+06
7280	912	1.02e+06	1.06e+06
7290	929	1.03e+06	1.06e+06
7300	947	1.03e+06	1.06e+06
7310	953	1.03e+06	1.06e+06
7320	960	1.03e+06	1.06e+06
7330	982	1.03e+06	1.06e+06
7340	996	1.03e+06	1.06e+06
7350	995	1.03e+06	1.06e+06
7360	997	1.03e+06	1.06e+06
7370	1010	1.03e+06	1.06e+06
7380	997	1.03e+06	1.06e+06
7390	997	1.03e+06	1.06e+06
7400	1020	1.03e+06	1.06e+06
7410	1020	1.03e+06	1.06e+06
7420	1020	1.03e+06	1.06e+06
7430	1050	1.03e+06	1.06e+06
7440	1040	1.03e+06	1.06e+06
7450	1070	1.03e+06	1.06e+06
7460	1060	1.04e+06	1.06e+06
7470	1100	1.04e+06	1.06e+06
7480	1100	1.04e+06	1.06e+06
7490	1080	1.04e+06	1.06e+06
7500	1100	1.04e+06	1.06e+06
7510	1120	1.04e+06	1.06e+06
7520	1120	1.04e+06	1.06e+06
7530	1130	1.04e+06	1.06e+06
7540	1170	1.04e+06	1.06e+06
7550	1190	1.04e+06	1.06e+06
7560	1140	1.04e+06	1.06e+06
7570	1150	1.04e+06	1.06e+06
7580	1170	1.04e+06	1.06e+06
7590	1200	1.04e+06	1.06e+06
7600	1210	1.04e+06	1.06e+06
7610	1220	1.04e+06	1.06e+06
7620	1230	1.04e+06	1.06e+06
7630	1240	1.04e+06	1.06e+06
7640	1230	1.04e+06	1.06e+06
7650	1240	1.04e+06	1.06e+06
7660	1260	1.04e+06	1.06e+06
7670	1320	1.04e+06	1.06e+06
7680	1280	1.04e+06	1.06e+06
7690	1330	1.04e+06	1.06e+06
7700	1310	1.04e+06	1.06e+06
7710	1350	1.04e+06	1.06e+06
7720	1350	1.04e+06	1.06e+06
7730	1490	1.04e+06	1.06e+06
7740	1440	1.04e+06	1.06e+06
7750	1480	1.04e+06	1.06e+06
7760	1420	1.04e+06	1.06e+06
7770	1500	1.04e+06	1.06e+06
7780	1460	1.04e+06	1.06e+06
7790	1500	1.04e+06	1.06e+06
7800	1510	1.04e+06	1.06e+06
7810	1510	1.04e+06	1.06e+06
7820	1560	1.04e+06	1.06e+06
7830	1590	1.04e+06	1.06e+06
7840	1590	1.04e+06	1.06e+06
7850	1610	1.04e+06	1.06e+06
7860	1610	1.04e+06	1.06e+06
7870	1590	1.04e+06	1.06e+06
7880	1590	1.04e+06	1.06e+06
7890	1640	1.04e+06	1.06e+06
7900	1610	1.04e+06	1.06e+06
7910	1740	1.04e+06	1.06e+06
7920	1770	1.04e+06	1.06e+06
7930	1810	1.04e+06	1.06e+06
7940	1860	1.04e+06	1.06e+06
7950	1960	1.04e+06	1.06e+06
7960	2090	1.04e+06	1.06e+06
7970	2220	1.04e+06	1.06e+06
7980	2770	1.04e+06	1.06e+06
7990	2770	1.04e+06	1.06e+06
8000	6330	1.04e+06	1.06e+06
8010	10900	1.04e+06	1.06e+06
8020	10900	1.04e+06	1.06e+06
8030	10200	1.04e+06	1.06e+06
8040	14900	1.04e+06	1.06e+06
8050	55000	1.04e+06	1.06e+06
8060	55700	1.04e+06	1.06e+06
8070	55000	1.04e+06	1.06e+06
8080	54700	1.04e+06	1.06e+06
8090	56500	1.04e+06	1.06e+06
8100	57100	1.04e+06	1.06e+06
8110	57400	1.04e+06	1.06e+06
8120	57600	1.04e+06	1.06e+06
8130	57800	1.04e+06	1.06e+06
8140	57900	1.04e+06	1.06e+06
8150	58200	1.04e+06	1.06e+06
8160	58400	1.04e+06	1.06e+06
8170	58500	1.04e+06	1.06e+06
8180	58600	1.04e+06	1.06e+06
8190	58700	1.04e+06	1.06e+06
8200	58800	1.04e+06	1.06e+06
8210	58800	1.04e+06	1.06e+06
8220	58900	1.04e+06	1.06e+06
8230	59100	1.04e+06	1.06e+06
8240	59300	1.04e+06	1.06e+06
8250	59500	1.04e+06	1.06e+06
8260	59500	1.04e+06	1.06e+06
8270	59800	1.04e+06	1.06e+06
8280	59900	1.04e+06	1.06e+06
8290	59900	1.04e+06	1.06e+06
8300	59900	1.04e+06	1.06e+06
8310	60300	1.04e+06	1.06e+06
8320	60300	1.04e+06	1.06e+06
8330	60600	1.04e+06	1.06e+06
8340	60900	1.04e+06	1.06e+06
8350	61000	1.04e+06	1.06e+06
8360	61000	1.04e+06	1.06e+06
8370	61000	1.04e+06	1.06e+06
8380	61300	1.04e+06	1.06e+06
8390	61300	1.04e+06	1.06e+06
8400	61400	1.04e+06	1.06e+06
8410	61500	1.04e+06	1.06e+06
8420	61600	1.04e+06	1.06e+06
8430	61700	1.04e+06	1.06e+06
8440	62000	1.04e+06	1.06e+06
8450	62100	1.04e+06	1.06e+06
8460	62200	1.04e+06	1.06e+06
8470	62500	1.04e+06	1.06e+06
8480	62700	1.04e+06	1.06e+06
8490	63200	1.04e+06	1.06e+06
8500	564000	1.04e+06	1.06e+06
8510	566000	1.04e+06	1.06e+06
8520	566000	1.04e+06	1.06e+06
8530	567000	1.04e+06	1.06e+06
8540	568000	1.04e+06	1.06e+06
8550	570000	1.04e+06	1.06e+06
8560	571000	1.04e+06	1.06e+06
8570	573000	1.04e+06	1.06e+06
8580	575000	1.04e+06	1.06e+06
8590	576000	1.04e+06	1.06e+06
8600	576000	1.04e+06	1.06e+06
8610	579000	1.04e+06	1.06e+06
8620	681000	1.04e+06	1.06e+06
8630	681000	1.04e+06	1.06e+06
8640	682000	1.04e+06	1.06e+06
8650	682000	1.04e+06	1.06e+06
8660	683000	1.04e+06	1.06e+06
8670	683000	1.04e+06	1.06e+06
8680	684000	1.04e+06	1.06e+06
8690	684000	1.04e+06	1.06e+06
8700	685000	1.04e+06	1.06e+06
8710	686000	1.04e+06	1.06e+06
8720	686000	1.04e+06	1.06e+06
8730	686000	1.04e+06	1.06e+06
8740	686000	1.04e+06	1.06e+06
8750	687000	1.04e+06	1.06e+06
8760	687000	1.04e+06	1.06e+06
8770	687000	1.04e+06	1.06e+06
8780	687000	1.04e+06	1.06e+06
8790	687000	1.04e+06	1.06e+06
8800	687000	1.04e+06	1.06e+06
8810	687000	1.04e+06	1.06e+06
8820	688000	1.04e+06	1.06e+06
8830	688000	1.04e+06	1.06e+06
8840	688000	1.04e+06	1.06e+06
8850	688000	1.04e+06	1.06e+06
8860	688000	1.04e+06	1.06e+06
8870	689000	1.04e+06	1.06e+06
8880	689000	1.04e+06	1.06e+06
8890	689000	1.04e+06	1.06e+06
8900	689000	1.04e+06	1.06e+06
8910	689000	1.04e+06	1.06e+06
8920	689000	1.04e+06	1.06e+06
8940	689000	1.04e+06	1.06e+06
8950	689000	1.04e+06	1.06e+06
8960	689000	1.04e+06	1.06e+06
8970	689000	1.04e+06	1.06e+06
8980	690000	1.04e+06	1.06e+06
8990	690000	1.04e+06	1.06e+06
9000	690000	1.04e+06	1.06e+06
9010	690000	1.04e+06	1.06e+06
9020	690000	1.04e+06	1.06e+06
9040	690000	1.04e+06	1.06e+06
9070	690000	1.04e+06	1.06e+06
9080	690000	1.04e+06	1.06e+06
9090	690000	1.04e+06	1.06e+06
9100	690000	1.04e+06	1.06e+06
9150	690000	1.04e+06	1.06e+06
9160	690000	1.04e+06	1.06e+06
9170	690000	1.04e+06	1.06e+06
9180	690000	1.04e+06	1.06e+06
9190	690000	1.04e+06	1.06e+06
9200	690000	1.04e+06	1.06e+06
9240	691000	1.04e+06	1.06e+06
9260	691000	1.04e+06	1.06e+06
9270	691000	1.04e+06	1.06e+06
9290	691000	1.04e+06	1.06e+06
9310	691000	1.04e+06	1.06e+06
9330	691000	1.04e+06	1.06e+06
9340	691000	1.04e+06	1.06e+06
9380	691000	1.04e+06	1.06e+06
9410	691000	1.04e+06	1.06e+06
9460	691000	1.04e+06	1.06e+06
9480	692000	1.04e+06	1.06e+06
9490	692000	1.04e+06	1.06e+06
9500	692000	1.04e+06	1.06e+06
9520	692000	1.04e+06	1.06e+06
9580	692000	1.04e+06	1.06e+06
9600	692000	1.04e+06	1.06e+06
9610	692000	1.04e+06	1.06e+06
9620	692000	1.04e+06	1.06e+06
9740	692000	1.04e+06	1.06e+06
9750	692000	1.04e+06	1.06e+06
9800	692000	1.04e+06	1.06e+06
9810	692000	1.04e+06	1.06e+06
9850	692000	1.04e+06	1.06e+06
9880	693000	1.04e+06	1.06e+06
9890	693000	1.04e+06	1.06e+06
9940	693000	1.04e+06	1.06e+06
9990	693000	1.04e+06	1.06e+06
10200	693000	1.04e+06	1.06e+06
10300	693000	1.04e+06	1.06e+06
10400	693000	1.04e+06	1.06e+06
10500	693000	1.04e+06	1.06e+06
10600	693000	1.04e+06	1.06e+06
10800	693000	1.04e+06	1.06e+06
10900	693000	1.04e+06	1.06e+06
11000	693000	1.04e+06	1.06e+06
11200	693000	1.04e+06	1.06e+06
11600	693000	1.04e+06	1.06e+06
11800	693000	1.04e+06	1.06e+06
11900	693000	1.04e+06	1.06e+06
22600	693000	1.04e+06	1.06e+06
23400	693000	1.04e+06	1.06e+06
24400	693000	1.04e+06	1.06e+06
25600	693000	1.04e+06	1.06e+06
25900	693000	1.04e+06	1.06e+06
31800	693000	1.04e+06	1.06e+06
33900	694000	1.04e+06	1.06e+06
1.67e+06	694000	1.04e+06	1.06e+06
1.68e+06	694000	1.04e+06	1.06e+06
1.69e+06	694000	1.04e+06	1.06e+06
1.7e+06	694000	1.04e+06	1.06e+06
1.71e+06	694000	1.04e+06	1.06e+06
1.72e+06	694000	1.04e+06	1.06e+06
1.73e+06	694000	1.04e+06	1.06e+06
1.74e+06	694000	1.04e+06	1.06e+06
1.75e+06	694000	1.04e+06	1.06e+06
1.81e+06	694000	1.04e+06	1.06e+06
1.82e+06	694000	1.04e+06	1.06e+06
1.83e+06	694000	1.04e+06	1.06e+06
1.84e+06	694000	1.04e+06	1.06e+06
1.85e+06	694000	1.04e+06	1.06e+06
1.86e+06	694000	1.04e+06	1.06e+06
1.87e+06	694000	1.04e+06	1.06e+06
1.88e+06	694000	1.04e+06	1.06e+06
1.89e+06	694000	1.04e+06	1.06e+06
1.9e+06	694000	1.04e+06	1.06e+06
2.01e+06	694000	1.04e+06	1.06e+06
2.02e+06	694000	1.04e+06	1.06e+06
2.03e+06	694000	1.04e+06	1.06e+06
2.04e+06	694000	1.04e+06	1.06e+06
2.05e+06	694000	1.04e+06	1.06e+06
2.06e+06	694000	1.04e+06	1.06e+06
2.07e+06	694000	1.04e+06	1.06e+06
2.08e+06	694000	1.04e+06	1.06e+06
2.09e+06	694000	1.04e+06	1.06e+06
2.1e+06	694000	1.04e+06	1.06e+06
2.11e+06	694000	1.04e+06	1.06e+06
2.12e+06	694000	1.04e+06	1.06e+06
2.13e+06	694000	1.04e+06	1.06e+06
2.14e+06	694000	1.04e+06	1.06e+06
2.15e+06	694000	1.04e+06	1.06e+06
2.16e+06	694000	1.04e+06	1.06e+06
2.17e+06	694000	1.04e+06	1.06e+06
#Time	LowerQ	Median	UpperQ
0	653000	1.25e+06	1.65e+07
1740	653000	1.25e+06	1.65e+07
1790	653000	1.25e+06	1.65e+07
1820	652000	1.25e+06	1.65e+07
1830	651000	1.25e+06	1.65e+07
1840	651000	1.25e+06	1.65e+07
1850	650000	1.25e+06	1.65e+07
1870	650000	1.25e+06	1.65e+07
1880	649000	1.25e+06	1.65e+07
1890	649000	1.25e+06	1.65e+07
1900	648000	1.25e+06	1.65e+07
1920	646000	1.24e+06	1.65e+07
1930	646000	1.24e+06	1.65e+07
1940	644000	1.24e+06	1.65e+07
1950	640000	1.24e+06	1.65e+07
1960	636000	1.24e+06	1.65e+07
1970	629000	1.24e+06	9.82e+06
1980	624000	1.24e+06	9.68e+06
1990	621000	1.24e+06	9.63e+06
2000	617000	1.24e+06	9.59e+06
2010	607000	1.23e+06	9.43e+06
2020	598000	1.23e+06	9.25e+06
2030	593000	1.23e+06	9.21e+06
2040	579000	1.22e+06	9.11e+06
2050	560000	1.22e+06	9.05e+06
2060	486000	1.22e+06	8.94e+06
2070	70500	1.21e+06	8.88e+06
2080	68400	1.2e+06	8.74e+06
2090	67200	1.2e+06	6.43e+06
2100	65800	1.19e+06	6.32e+06
2110	65200	1.18e+06	6.16e+06
2120	64800	1.18e+06	6.07e+06
2130	64200	1.17e+06	5.98e+06
2140	63600	1.16e+06	5.09e+06
2150	63100	1.15e+06	4.78e+06
2160	62600	1.14e+06	4.69e+06
2170	62300	1.13e+06	4.61e+06
2180	62000	1.12e+06	4.55e+06
2190	61800	1.11e+06	3.98e+06
2200	61400	1.1e+06	3.86e+06
2210	61000	1.09e+06	3.78e+06
2220	60700	1.07e+06	3.72e+06
2230	60600	1.06e+06	3.69e+06
2240	60400	1.05e+06	3.34e+06
2250	60100	1.03e+06	3.24e+06
2260	59900	1.02e+06	3.17e+06
2270	59600	1.01e+06	3.13e+06
2280	59300	989000	2.9e+06
2290	59100	972000	2.8e+06
2300	58900	953000	2.75e+06
2310	58700	933000	2.69e+06
2320	58500	915000	2.51e+06
2330	58300	898000	2.45e+06
2340	58200	883000	2.41e+06
2350	58000	864000	2.37e+06
2360	57700	844000	2.18e+06
2370	57600	821000	2.15e+06
2380	57500	795000	2.13e+06
2390	57300	768000	1.99e+06
2400	57200	739000	1.95e+06
2410	57000	705000	1.93e+06
2420	56900	660000	1.82e+06
2430	56700	574000	1.78e+06
2440	56500	69700	1.7e+06
2450	56300	68300	1.65e+06
2460	56300	67300	1.63e+06
2470	56100	66600	1.58e+06
2480	56000	66100	1.55e+06
2490	55900	65700	1.52e+06
2500	55800	65300	1.48e+06
2510	55700	64900	1.44e+06
2520	55600	64700	1.42e+06
2530	55400	64400	1.37e+06
2540	55300	64100	1.34e+06
2550	55200	63900	1.32e+06
2560	55000	63600	1.27e+06
2570	55000	63400	1.25e+06
2580	54900	63200	1.24e+06
2590	54800	63100	1.2e+06
2600	54700	63000	1.19e+06
2610	54600	62800	1.17e+06
2620	54600	62700	1.13e+06
2630	54500	62600	1.12e+06
2640	54400	62500	1.08e+06
2650	54400	62400	1.06e+06
2660	54300	62300	1.03e+06
2670	54200	62200	1.01e+06
2680	54200	62100	977000
2690	54100	62000	962000
2700	54100	61900	931000
2710	54000	61800	920000
2720	54000	61800	897000
2730	54000	61700	882000
2740	53900	61600	855000
2750	53900	61600	841000
2760	53800	61500	813000
2770	53800	61500	790000
2780	53700	61400	766000
2790	53700	61400	730000
2800	53700	61300	707000
2810	53700	61300	691000
2820	53600	61300	661000
2830	53500	61300	635000
2840	53500	61200	604000
2850	53500	61200	549000
2860	53400	61200	75100
2870	53400	61200	72600
2880	53400	61200	71700
2890	53400	61100	71300
2900	53400	61100	71000
2910	53400	61100	70700
2920	53400	61100	70500
2930	53400	61100	70300
2940	53300	61100	70100
2950	53300	61100	70000
2960	53300	61100	69900
2970	53300	61000	69800
2980	53300	61000	69700
2990	53300	61000	69600
3000	53300	61000	69500
3010	53300	61000	69500
3020	53300	61000	69400
3040	53300	61000	69400
3050	53300	61000	69400
3070	53300	61000	69400
3080	53300	61000	69300
3090	53300	61000	69300
3100	53300	61000	69300
3110	53300	61000	69300
3120	53300	61000	69300
3140	53300	61000	69300
3150	53300	61000	69300
3170	53300	61000	69300
3220	53300	61000	69300
3420	53300	61000	69200
11900	53300	61000	69200
12400	53300	61000	69200
12500	53300	61000	69200
12700	53300	61000	69300
12800	53300	61000	69300
12900	53300	61000	69300
13000	53300	61000	69300
13100	53200	61000	69300
13200	53200	61000	69300
13300	53200	61000	69300
13400	53200	61000	69400
13500	53100	61000	69400
13600	53100	61000	69500
13700	53000	61000	69600
13800	53000	61000	69700
13900	52900	61000	69900
14000	52800	61000	70000
14100	52700	61000	70400
14200	52700	61000	70700
14300	52600	61000	71100
14400	52400	61100	72100
14500	52100	61100	75200
14600	51700	61100	1.02e+06
14700	51200	61100	1.03e+06
14800	50700	61100	1.03e+06
14900	49400	61100	1.03e+06
15000	9700	61200	1.03e+06
15100	7710	61200	1.03e+06
15200	6410	61200	1.03e+06
15300	5970	61300	1.03e+06
15400	5520	61300	1.04e+06
15500	4870	61400	1.04e+06
15600	4690	61500	1.04e+06
15700	4400	61500	1.04e+06
15800	4140	61600	1.04e+06
15900	3480	61600	1.04e+06
16000	3250	61700	1.04e+06
16100	3020	61800	1.04e+06
16200	2740	62000	1.04e+06
16300	2710	62100	1.04e+06
16400	2670	62300	1.04e+06
16500	2710	62500	1.04e+06
16600	2610	62600	1.04e+06
16700	2580	62700	1.04e+06
16800	2430	62900	1.04e+06
16900	2270	63000	1.04e+06
17000	2210	63200	1.04e+06
17100	2200	63500	1.04e+06
17200	2120	63800	1.04e+06
17300	2050	64200	1.04e+06
17400	1950	64700	1.04e+06
17500	1920	65300	1.04e+06
17600	1960	66300	1.04e+06
17700	1920	67700	1.04e+06
17800	1870	998000	1.04e+06
17900	1860	1.01e+06	1.04e+06
18000	1770	1.01e+06	1.04e+06
18100	1780	1.01e+06	1.04e+06
18200	1780	1.01e+06	1.04e+06
18300	1780	1.01e+06	1.04e+06
18400	1830	1.01e+06	1.04e+06
18500	1780	1.01e+06	1.04e+06
18600	1780	1.02e+06	1.04e+06
18700	1760	1.02e+06	1.04e+06
18800	1720	1.02e+06	1.04e+06
18900	1740	1.02e+06	1.04e+06
19000	1650	1.02e+06	1.04e+06
19100	1630	1.02e+06	1.04e+06
19200	1720	1.02e+06	1.04e+06
19300	1640	1.02e+06	1.04e+06
19400	1720	1.02e+06	1.04e+06
19500	1720	1.02e+06	1.04e+06
19600	1760	1.02e+06	1.04e+06
19700	1780	1.02e+06	1.04e+06
19800	1810	1.02e+06	1.04e+06
19900	1890	1.02e+06	1.04e+06
20000	2020	1.02e+06	1.04e+06
20100	2080	1.02e+06	1.04e+06
20200	2220	1.02e+06	1.04e+06
20300	2190	1.02e+06	1.04e+06
20400	2250	1.02e+06	1.04e+06
20500	2300	1.02e+06	1.04e+06
20600	2350	1.02e+06	1.04e+06
20700	2370	1.02e+06	1.04e+06
20800	2570	1.02e+06	1.04e+06
20900	2720	1.02e+06	1.04e+06
21000	2730	1.02e+06	1.04e+06
21100	2760	1.02e+06	1.04e+06
21200	2930	1.02e+06	1.04e+06
21300	3000	1.02e+06	1.04e+06
21400	3150	1.02e+06	1.04e+06
21500	3210	1.02e+06	1.04e+06
21600	3330	1.02e+06	1.04e+06
21700	3450	1.02e+06	1.04e+06
21800	3540	1.02e+06	1.04e+06
21900	3570	1.02e+06	1.04e+06
22000	3680	1.02e+06	1.04e+06
22100	3800	1.02e+06	1.04e+06
22200	3900	1.02e+06	1.04e+06
22300	3990	1.02e+06	1.04e+06
22400	4060	1.02e+06	1.04e+06
22500	4220	1.02e+06	1.04e+06
22600	4330	1.02e+06	1.04e+06
22700	4490	1.02e+06	1.04e+06
22800	4620	1.02e+06	1.04e+06
22900	4700	1.02e+06	1.04e+06
23000	4850	1.02e+06	1.04e+06
23100	5120	1.02e+06	1.04e+06
23200	5390	1.02e+06	1.04e+06
23300	5480	1.02e+06	1.04e+06
23400	5640	1.02e+06	1.04e+06
23500	5700	1.02e+06	1.04e+06
23600	5770	1.02e+06	1.04e+06
23700	5810	1.02e+06	1.04e+06
23800	5880	1.02e+06	1.04e+06
23900	6020	1.02e+06	1.04e+06
24000	6150	1.02e+06	1.04e+06
24100	6330	1.02e+06	1.04e+06
24200	6450	1.02e+06	1.04e+06
24300	6580	1.02e+06	1.04e+06
24400	6720	1.02e+06	1.04e+06
24500	6930	1.02e+06	1.04e+06
24600	6990	1.02e+06	1.04e+06
24700	7000	1.02e+06	1.04e+06
24800	7160	1.02e+06	1.04e+06
24900	7270	1.02e+06	1.04e+06
25000	7300	1.02e+06	1.04e+06
25100	7360	1.02e+06	1.04e+06
25200	7580	1.02e+06	1.04e+06
25300	7720	1.02e+06	1.04e+06
25400	7900	1.02e+06	1.04e+06
25500	8070	1.02e+06	1.04e+06
25600	8170	1.02e+06	1.04e+06
25700	8360	1.02e+06	1.04e+06
25800	8530	1.02e+06	1.04e+06
25900	8710	1.02e+06	1.04e+06
26000	9010	1.02e+06	1.04e+06
26100	9140	1.02e+06	1.04e+06
26200	9210	1.02e+06	1.04e+06
26300	9510	1.02e+06	1.04e+06
26400	9610	1.02e+06	1.04e+06
26500	9910	1.02e+06	1.04e+06
26600	10000	1.02e+06	1.04e+06
26700	10400	1.02e+06	1.04e+06
26800	10500	1.02e+06	1.04e+06
26900	10600	1.02e+06	1.04e+06
27000	10800	1.02e+06	1.04e+06
27100	11000	1.02e+06	1.04e+06
27200	11000	1.02e+06	1.04e+06
27300	11100	1.02e+06	1.04e+06
27400	11200	1.02e+06	1.04e+06
27500	11700	1.02e+06	1.04e+06
27600	12000	1.02e+06	1.04e+06
27700	12100	1.02e+06	1.04e+06
27800	12500	1.02e+06	1.04e+06
27900	12700	1.02e+06	1.04e+06
28000	13100	1.02e+06	1.04e+06
28100	13400	1.02e+06	1.04e+06
28200	13800	1.02e+06	1.04e+06
28300	15500	1.02e+06	1.04e+06
28400	15700	1.02e+06	1.04e+06
28500	16700	1.02e+06	1.04e+06
28600	981000	1.02e+06	1.04e+06
28700	984000	1.02e+06	1.04e+06
28800	985000	1.02e+06	1.04e+06
28900	986000	1.02e+06	1.04e+06
29000	986000	1.02e+06	1.04e+06
29100	988000	1.02e+06	1.04e+06
29200	989000	1.02e+06	1.04e+06
29300	989000	1.02e+06	1.04e+06
29400	989000	1.02e+06	1.04e+06
29500	989000	1.02e+06	1.04e+06
29600	990000	1.02e+06	1.04e+06
29700	990000	1.02e+06	1.04e+06
29800	990000	1.02e+06	1.04e+06
29900	991000	1.02e+06	1.04e+06
30000	991000	1.02e+06	1.04e+06
30100	991000	1.02e+06	1.04e+06
30200	991000	1.02e+06	1.04e+06
30300	991000	1.02e+06	1.04e+06
30400	992000	1.02e+06	1.04e+06
30500	992000	1.02e+06	1.04e+06
30600	992000	1.02e+06	1.04e+06
30800	992000	1.02e+06	1.04e+06
30900	992000	1.02e+06	1.04e+06
31000	992000	1.02e+06	1.04e+06
31100	992000	1.02e+06	1.04e+06
31200	993000	1.02e+06	1.04e+06
31300	993000	1.02e+06	1.04e+06
31400	993000	1.02e+06	1.04e+06
31500	993000	1.02e+06	1.04e+06
31600	993000	1.02e+06	1.04e+06
31700	993000	1.02e+06	1.04e+06
31900	993000	1.02e+06	1.04e+06
32000	993000	1.02e+06	1.04e+06
32100	993000	1.02e+06	1.04e+06
32200	993000	1.02e+06	1.04e+06
32300	994000	1.02e+06	1.04e+06
32400	994000	1.02e+06	1.04e+06
32500	994000	1.02e+06	1.04e+06
32700	994000	1.02e+06	1.04e+06
32800	994000	1.02e+06	1.04e+06
32900	994000	1.02e+06	1.04e+06
33000	994000	1.02e+06	1.04e+06
33100	994000	1.02e+06	1.04e+06
33200	994000	1.02e+06	1.04e+06
33300	994000	1.02e+06	1.04e+06
33400	994000	1.02e+06	1.04e+06
33500	994000	1.02e+06	1.04e+06
33600	994000	1.02e+06	1.04e+06
33700	994000	1.02e+06	1.04e+06
33800	994000	1.02e+06	1.04e+06
34000	994000	1.02e+06	1.04e+06
34100	994000	1.02e+06	1.04e+06
34200	995000	1.02e+06	1.04e+06
34400	995000	1.02e+06	1.04e+06
34600	995000	1.02e+06	1.04e+06
34700	995000	1.02e+06	1.04e+06
34800	995000	1.02e+06	1.04e+06
34900	995000	1.02e+06	1.04e+06
35000	995000	1.02e+06	1.04e+06
35200	995000	1.02e+06	1.04e+06
35300	995000	1.02e+06	1.04e+06
35400	995000	1.02e+06	1.04e+06
35600	995000	1.02e+06	1.04e+06
35700	995000	1.02e+06	1.04e+06
35800	995000	1.02e+06	1.04e+06
35900	995000	1.02e+06	1.04e+06
36000	995000	1.02e+06	1.04e+06
36200	995000	1.02e+06	1.04e+06
36300	995000	1.02e+06	1.04e+06
36600	995000	1.02e+06	1.04e+06
36800	995000	1.02e+06	1.04e+06
36900	995000	1.02e+06	1.04e+06
37200	995000	1.02e+06	1.04e+06
37300	995000	1.02e+06	1.04e+06
37600	995000	1.02e+06	1.04e+06
37700	995000	1.02e+06	1.04e+06
37800	995000	1.02e+06	1.04e+06
38000	995000	1.02e+06	1.04e+06
38500	995000	1.02e+06	1.04e+06
38600	995000	1.02e+06	1.04e+06
38700	995000	1.02e+06	1.04e+06
38800	995000	1.02e+06	1.04e+06
38900	996000	1.02e+06	1.04e+06
39200	996000	1.02e+06	1.04e+06
39300	996000	1.02e+06	1.04e+06
39400	996000	1.02e+06	1.04e+06
39600	996000	1.02e+06	1.04e+06
40000	996000	1.02e+06	1.04e+06
40200	996000	1.02e+06	1.04e+06
40400	996000	1.02e+06	1.04e+06
40700	996000	1.02e+06	1.04e+06
40900	996000	1.02e+06	1.04e+06
41700	996000	1.02e+06	1.04e+06
41800	996000	1.02e+06	1.04e+06
42400	996000	1.02e+06	1.04e+06
42600	996000	1.02e+06	1.04e+06
42700	996000	1.02e+06	1.04e+06
43100	996000	1.02e+06	1.04e+06
44000	996000	1.02e+06	1.04e+06
44400	996000	1.02e+06	1.04e+06
44700	996000	1.02e+06	1.04e+06
44900	996000	1.02e+06	1.04e+06
45700	996000	1.02e+06	1.04e+06
52000	996000	1.02e+06	1.04e+06
1.97e+06	996000	1.02e+06	1.04e+06
1.98e+06	996000	1.02e+06	1.04e+06
1.99e+06	996000	1.02e+06	1.04e+06
2e+06	996000	1.02e+06	1.04e+06
2.01e+06	996000	1.02e+06	1.04e+06
2.02e+06	996000	1.02e+06	1.04e+06
2.03e+06	996000	1.02e+06	1.04e+06
2.04e+06	996000	1.02e+06	1.04e+06
2.05e+06	996000	1.02e+06	1.04e+06
2.06e+06	996000	1.02e+06	1.04e+06
2.07e+06	996000	1.02e+06	1.04e+06
2.08e+06	996000	1.02e+06	1.04e+06
2.09e+06	996000	1.02e+06	1.04e+06
2.1e+06	996000	1.02e+06	1.04e+06
2.11e+06	996000	1.02e+06	1.04e+06
2.12e+06	996000	1.02e+06	1.04e+06
2.13e+06	996000	1.02e+06	1.04e+06
2.14e+06	996000	1.02e+06	1.04e+06
2.16e+06	996000	1.02e+06	1.04e+06
#Time	LowerQ	Median	UpperQ
0	2.9e+07	3.03e+07	3.16e+07
27.2	2.9e+07	3.03e+07	3.16e+07
35.5	2.9e+07	3.03e+07	3.16e+07
73.7	2.9e+07	3.03e+07	3.16e+07
77.2	2.9e+07	3.03e+07	3.16e+07
87.3	2.9e+07	3.03e+07	3.16e+07
130	2.9e+07	3.03e+07	3.16e+07
138	2.9e+07	3.03e+07	3.16e+07
146	2.9e+07	3.03e+07	3.16e+07
164	2.9e+07	3.03e+07	3.16e+07
206	2.9e+07	3.03e+07	3.16e+07
212	2.9e+07	3.03e+07	3.16e+07
225	2.9e+07	3.03e+07	3.16e+07
227	2.9e+07	3.03e+07	3.16e+07
234	2.9e+07	3.03e+07	3.16e+07
251	2.9e+07	3.03e+07	3.16e+07
260	2.9e+07	3.03e+07	3.16e+07
272	2.9e+07	3.03e+07	3.16e+07
276	2.9e+07	3.03e+07	3.16e+07
281	2.9e+07	3.03e+07	3.16e+07
287	2.9e+07	3.03e+07	3.16e+07
289	2.9e+07	3.03e+07	3.16e+07
334	2.9e+07	3.03e+07	3.16e+07
404	2.9e+07	3.03e+07	3.16e+07
547	2.9e+07	3.03e+07	3.16e+07
863	2.9e+07	3.03e+07	3.16e+07
3280	2.9e+07	3.03e+07	3.16e+07
3290	2.9e+07	3.03e+07	3.16e+07
3300	2.9e+07	3.03e+07	3.16e+07
3310	2.9e+07	3.03e+07	3.16e+07
3320	2.9e+07	3.03e+07	3.16e+07
3330	2.9e+07	3.03e+07	3.16e+07
3340	2.9e+07	3.03e+07	3.16e+07
3350	2.9e+07	3.03e+07	3.16e+07
3360	2.9e+07	3.03e+07	3.16e+07
3370	2.9e+07	3.03e+07	3.16e+07
3380	7.11e+06	3.03e+07	3.16e+07
3390	114000	3.03e+07	3.16e+07
3400	111000	3.03e+07	3.16e+07
3410	110000	3.03e+07	3.16e+07
3420	108000	3.03e+07	3.16e+07
3430	107000	3.03e+07	3.16e+07
3440	106000	3.03e+07	3.16e+07
3450	106000	3.03e+07	3.16e+07
3460	105000	3.03e+07	3.16e+07
3470	104000	3.03e+07	3.16e+07
3480	103000	3.03e+07	3.16e+07
3490	103000	3.03e+07	3.16e+07
3500	102000	3.03e+07	3.16e+07
3510	101000	3.03e+07	3.16e+07
3520	101000	3.03e+07	3.16e+07
3530	100000	3.03e+07	3.16e+07
3540	99800	110000	3.16e+07
3550	99400	108000	3.16e+07
3560	99000	107000	3.16e+07
3570	98600	106000	3.16e+07
3580	98300	106000	3.16e+07
3590	98000	105000	3.16e+07
3600	97800	105000	3.16e+07
3610	97500	105000	3.16e+07
3620	97300	104000	3.16e+07
3630	97100	104000	3.16e+07
3640	96900	104000	3.16e+07
3650	96700	104000	3.16e+07
3660	96500	103000	3.16e+07
3670	96300	103000	3.16e+07
3680	96200	103000	3.14e+06
3690	96100	103000	114000
3700	96000	103000	113000
3710	95900	103000	112000
3720	95800	103000	112000
3730	95800	103000	112000
3740	95700	103000	112000
3750	95700	103000	112000
3760	95700	103000	112000
3770	95600	103000	111000
3780	95600	103000	111000
3790	95600	103000	111000
3800	95600	103000	111000
3840	95600	103000	111000
3880	95600	103000	111000
3950	95600	103000	111000
3960	95600	103000	111000
3970	95600	103000	111000
4000	95600	103000	111000
4020	95600	103000	111000
4040	95600	103000	111000
4090	95600	103000	111000
4120	95600	103000	111000
4130	95600	103000	111000
4240	95500	103000	111000
4250	95500	103000	111000
4270	95500	103000	111000
4280	95500	103000	111000
4290	95500	103000	111000
4300	95500	103000	111000
4330	95500	103000	111000
4360	95500	103000	111000
4370	95500	103000	111000
4530	95500	103000	111000
10500	95500	103000	111000
11100	95500	103000	111000
11300	95500	103000	111000
11400	95500	103000	111000
11500	95500	103000	111000
11600	95500	103000	111000
11700	95500	103000	111000
11800	95500	103000	111000
11900	95500	103000	111000
12000	95500	103000	111000
12100	95500	103000	111000
12200	95500	103000	111000
12300	95500	103000	111000
12400	95500	103000	112000
12500	95500	103000	112000
12600	95500	103000	114000
12700	95500	103000	991000
12800	95500	103000	996000
12900	95500	103000	998000
13000	95500	103000	1e+06
13100	95600	103000	1e+06
13200	95600	104000	1e+06
13300	95600	104000	1e+06
13400	95600	104000	1e+06
13500	95700	105000	1e+06
13600	95900	105000	1.01e+06
13700	96000	105000	1.01e+06
13800	96100	106000	1.01e+06
13900	96300	107000	1.17e+06
14000	96600	107000	1.18e+06
14100	96700	109000	1.18e+06
14200	96800	974000	1.18e+06
14300	96900	979000	1.18e+06
14400	97100	982000	1.18e+06
14500	97300	984000	1.18e+06
14600	97500	986000	1.18e+06
14700	97500	988000	1.18e+06
14800	97700	989000	1.18e+06
14900	97900	991000	1.18e+06
15000	98200	993000	1.18e+06
15100	98700	996000	1.18e+06
15200	99100	998000	1.18e+06
15300	99600	1e+06	1.18e+06
15400	100000	1e+06	1.18e+06
15500	101000	1.13e+06	1.18e+06
15600	102000	1.14e+06	1.18e+06
15700	104000	1.15e+06	1.18e+06
15800	968000	1.15e+06	1.18e+06
15900	972000	1.15e+06	1.18e+06
16000	973000	1.15e+06	1.18e+06
16100	973000	1.15e+06	1.18e+06
16200	974000	1.15e+06	1.18e+06
16300	974000	1.15e+06	1.18e+06
16400	974000	1.15e+06	1.18e+06
16500	974000	1.15e+06	1.18e+06
16600	974000	1.15e+06	1.18e+06
16700	974000	1.15e+06	1.18e+06
16800	974000	1.15e+06	1.18e+06
16900	974000	1.15e+06	1.18e+06
17000	974000	1.15e+06	1.18e+06
17200	974000	1.15e+06	1.18e+06
17400	974000	1.15e+06	1.18e+06
17500	974000	1.15e+06	1.18e+06
18000	974000	1.15e+06	1.18e+06
18300	975000	1.15e+06	1.18e+06
32700	975000	1.15e+06	1.18e+06
32900	975000	1.15e+06	1.18e+06
35300	975000	1.15e+06	1.18e+06
35500	975000	1.15e+06	1.18e+06
35600	975000	1.15e+06	1.18e+06
35900	975000	1.15e+06	1.18e+06
36000	975000	1.15e+06	1.18e+06
36500	975000	1.15e+06	1.18e+06
36600	975000	1.15e+06	1.18e+06
36700	975000	1.15e+06	1.18e+06
36800	975000	1.15e+06	1.18e+06
37100	975000	1.15e+06	1.18e+06
437000	975000	1.15e+06	1.18e+06
447000	974000	1.15e+06	1.18e+06
448000	974000	1.15e+06	1.18e+06
449000	974000	1.15e+06	1.18e+06
450000	974000	1.15e+06	1.18e+06
451000	974000	1.15e+06	1.18e+06
452000	974000	1.15e+06	1.18e+06
453000	974000	1.15e+06	1.18e+06
454000	974000	1.15e+06	1.18e+06
457000	974000	1.15e+06	1.18e+06
460000	974000	1.15e+06	1.18e+06
465000	974000	1.15e+06	1.18e+06
468000	974000	1.15e+06	1.18e+06
489000	974000	1.15e+06	1.18e+06
500000	974000	1.15e+06	1.18e+06
610000	974000	1.15e+06	1.18e+06
611000	974000	1.15e+06	1.18e+06
615000	974000	1.15e+06	1.18e+06
616000	974000	1.15e+06	1.18e+06
670000	974000	1.15e+06	1.18e+06
869000	974000	1.15e+06	1.18e+06
871000	974000	1.15e+06	1.18e+06
872000	974000	1.15e+06	1.18e+06
873000	974000	1.15e+06	1.18e+06
874000	974000	1.15e+06	1.18e+06
875000	974000	1.15e+06	1.18e+06
876000	974000	1.15e+06	1.18e+06
877000	974000	1.15e+06	1.18e+06
878000	974000	1.15e+06	1.18e+06
879000	974000	1.15e+06	1.18e+06
880000	974000	1.15e+06	1.18e+06
881000	309000	1.15e+06	1.18e+06
882000	219000	1.15e+06	1.18e+06
883000	217000	1.15e+06	1.18e+06
884000	216000	1.15e+06	1.18e+06
885000	214000	1.15e+06	1.18e+06
886000	213000	1.15e+06	1.18e+06
887000	213000	1.15e+06	1.18e+06
888000	212000	1.15e+06	1.18e+06
889000	211000	1.15e+06	1.18e+06
890000	210000	1.15e+06	1.18e+06
891000	209000	1.15e+06	1.18e+06
892000	209000	1.15e+06	1.18e+06
893000	208000	1.15e+06	1.18e+06
894000	207000	1.15e+06	1.18e+06
895000	207000	1.15e+06	1.18e+06
896000	206000	1.15e+06	1.18e+06
897000	205000	1.15e+06	1.18e+06
898000	205000	1.15e+06	1.18e+06
899000	205000	1.15e+06	1.18e+06
900000	204000	1.15e+06	1.18e+06
901000	204000	1.15e+06	1.18e+06
902000	204000	1.15e+06	1.18e+06
903000	203000	1.15e+06	1.18e+06
904000	203000	1.15e+06	1.18e+06
905000	203000	1.15e+06	1.18e+06
906000	202000	1.15e+06	1.18e+06
907000	202000	1.15e+06	1.18e+06
908000	202000	1.15e+06	1.18e+06
909000	202000	1.15e+06	1.18e+06
910000	202000	1.15e+06	1.18e+06
911000	202000	1.15e+06	1.18e+06
912000	202000	1.15e+06	1.18e+06
913000	201000	1.15e+06	1.18e+06
914000	201000	1.15e+06	1.18e+06
915000	201000	1.15e+06	1.18e+06
916000	201000	1.15e+06	1.18e+06
917000	201000	1.15e+06	1.18e+06
919000	201000	1.15e+06	1.18e+06
921000	201000	1.15e+06	1.18e+06
950000	201000	1.15e+06	1.18e+06
951000	201000	1.15e+06	1.18e+06
953000	201000	1.15e+06	1.18e+06
954000	201000	1.15e+06	1.18e+06
955000	201000	1.15e+06	1.18e+06
956000	201000	1.15e+06	1.18e+06
957000	201000	1.15e+06	1.18e+06
958000	201000	1.15e+06	1.18e+06
959000	201000	1.15e+06	1.18e+06
960000	201000	1.15e+06	1.18e+06
961000	201000	1.15e+06	1.18e+06
962000	200000	1.15e+06	1.18e+06
963000	200000	1.15e+06	1.18e+06
964000	200000	1.15e+06	1.18e+06
965000	200000	1.15e+06	1.18e+06
966000	199000	1.15e+06	1.18e+06
967000	199000	1.15e+06	1.18e+06
968000	198000	1.15e+06	1.18e+06
969000	195000	1.15e+06	1.18e+06
970000	179000	1.15e+06	1.18e+06
971000	171000	1.15e+06	1.18e+06
972000	169000	1.15e+06	1.18e+06
973000	166000	1.15e+06	1.18e+06
974000	165000	221000	1.18e+06
975000	163000	219000	1.18e+06
976000	163000	218000	1.18e+06
977000	161000	217000	1.18e+06
978000	160000	216000	1.18e+06
979000	160000	215000	1.18e+06
980000	159000	214000	1.18e+06
981000	158000	213000	1.18e+06
982000	157000	212000	1.18e+06
983000	156000	212000	1.18e+06
984000	155000	211000	1.18e+06
985000	155000	210000	1.18e+06
986000	154000	210000	1.18e+06
987000	153000	209000	1.18e+06
988000	153000	208000	1.18e+06
989000	152000	208000	1.18e+06
990000	152000	207000	1.18e+06
991000	151000	206000	1.18e+06
992000	150000	205000	1.18e+06
993000	150000	204000	1.18e+06
994000	150000	203000	1.18e+06
995000	149000	202000	1.18e+06
996000	149000	200000	1.18e+06
997000	148000	196000	1.18e+06
998000	148000	172000	1.18e+06
999000	147000	169000	1.18e+06
1e+06	147000	167000	1.18e+06
1.01e+06	146000	165000	219000
1.02e+06	146000	164000	218000
1.33e+06	146000	164000	218000
1.34e+06	146000	164000	218000
1.35e+06	146000	164000	218000
1.36e+06	146000	164000	218000
1.37e+06	146000	164000	218000
1.38e+06	146000	164000	218000
1.39e+06	146000	164000	218000
1.4e+06	146000	164000	218000
1.41e+06	146000	164000	218000
1.42e+06	146000	164000	218000
1.43e+06	146000	164000	218000
1.44e+06	146000	164000	218000
1.45e+06	146000	164000	218000
1.46e+06	146000	164000	218000
1.47e+06	146000	164000	218000
1.48e+06	146000	164000	218000
1.52e+06	146000	164000	218000
1.54e+06	146000	164000	218000
1.55e+06	146000	164000	218000
1.56e+06	146000	164000	218000
1.57e+06	146000	164000	218000
1.58e+06	146000	164000	218000
1.59e+06	146000	164000	218000
1.6e+06	146000	164000	218000
1.61e+06	146000	164000	218000
#Time	LowerQ	Median	UpperQ
0	3.89e+07	4.09e+07	4.28e+07
4320	3.89e+07	4.09e+07	4.28e+07
4350	3.89e+07	4.09e+07	4.28e+07
4360	3.89e+07	4.09e+07	4.28e+07
4370	3.89e+07	4.09e+07	4.28e+07
4380	3.89e+07	4.09e+07	4.28e+07
4390	3.89e+07	4.09e+07	4.28e+07
4400	3.89e+07	4.09e+07	4.28e+07
4410	3.89e+07	4.09e+07	4.28e+07
4420	3.89e+07	4.09e+07	4.28e+07
4430	3.89e+07	4.09e+07	4.28e+07
4440	3.89e+07	4.09e+07	4.28e+07
4450	3.89e+07	4.09e+07	4.28e+07
4460	3.89e+07	4.09e+07	4.28e+07
4470	3.89e+07	4.09e+07	4.28e+07
4480	3.89e+07	4.09e+07	4.28e+07
4490	3.89e+07	4.09e+07	4.28e+07
4500	3.89e+07	4.09e+07	4.28e+07
4510	3.89e+07	4.09e+07	4.28e+07
4520	3.89e+07	4.09e+07	4.28e+07
4530	159000	4.09e+07	4.28e+07
4540	154000	4.09e+07	4.28e+07
4550	152000	4.09e+07	4.28e+07
4560	150000	4.09e+07	4.28e+07
4570	149000	4.09e+07	4.28e+07
4580	147000	4.09e+07	4.28e+07
4590	146000	4.09e+07	4.28e+07
4600	145000	4.09e+07	4.28e+07
4610	144000	4.09e+07	4.28e+07
4620	143000	4.09e+07	4.28e+07
4630	142000	4.09e+07	4.28e+07
4640	142000	4.09e+07	4.28e+07
4650	141000	4.09e+07	4.28e+07
4660	141000	4.09e+07	4.28e+07
4670	140000	4.09e+07	4.28e+07
4680	139000	4.09e+07	4.28e+07
4690	139000	4.09e+07	4.28e+07
4700	138000	4.09e+07	4.28e+07
4710	138000	4.09e+07	4.28e+07
4720	137000	4.09e+07	4.28e+07
4730	136000	4.09e+07	4.28e+07
4740	136000	4.09e+07	4.28e+07
4750	135000	4.09e+07	4.28e+07
4760	135000	159000	4.28e+07
4770	134000	151000	4.28e+07
4780	134000	149000	4.28e+07
4790	134000	148000	4.28e+07
4800	133000	147000	4.28e+07
4810	133000	146000	4.28e+07
4820	132000	145000	4.28e+07
4830	132000	144000	4.28e+07
4840	132000	143000	4.28e+07
4850	131000	143000	4.28e+07
4860	131000	142000	4.28e+07
4870	131000	142000	4.28e+07
4880	130000	142000	4.28e+07
4890	130000	141000	4.28e+07
4900	130000	141000	4.28e+07
4910	130000	141000	4.28e+07
4920	130000	141000	4.28e+07
4930	129000	140000	4.28e+07
4940	129000	140000	4.28e+07
4950	129000	140000	4.28e+07
4960	129000	140000	4.28e+07
4970	129000	140000	4.28e+07
4980	129000	140000	4.28e+07
4990	128000	140000	159000
5000	128000	140000	156000
5010	128000	140000	155000
5020	128000	139000	154000
5030	128000	139000	154000
5040	128000	139000	154000
5050	128000	139000	154000
5060	128000	139000	153000
5070	128000	139000	153000
5080	128000	139000	153000
5090	128000	139000	153000
5100	128000	139000	153000
5110	128000	139000	153000
5120	128000	139000	153000
5130	128000	139000	153000
5140	128000	139000	153000
5150	128000	139000	153000
5180	128000	139000	153000
5220	128000	139000	153000
16500	128000	139000	153000
17100	128000	139000	153000
17200	128000	139000	153000
17300	128000	139000	153000
17400	128000	139000	153000
17500	128000	139000	153000
17600	128000	139000	153000
17700	128000	139000	153000
17800	128000	139000	153000
17900	128000	139000	153000
18000	128000	139000	153000
18100	128000	139000	154000
18200	128000	139000	155000
18300	128000	139000	157000
18400	128000	139000	1.39e+06
18500	128000	139000	1.42e+06
18600	128000	139000	1.43e+06
18700	128000	139000	1.43e+06
18800	128000	140000	1.43e+06
18900	128000	140000	1.43e+06
19000	128000	140000	1.43e+06
19100	128000	140000	1.44e+06
19200	128000	140000	1.44e+06
19300	128000	140000	1.44e+06
19400	128000	140000	1.44e+06
19500	128000	141000	1.44e+06
19600	128000	141000	1.44e+06
19700	128000	141000	1.44e+06
19800	128000	142000	1.44e+06
19900	128000	143000	1.44e+06
20000	128000	144000	1.44e+06
20100	128000	145000	1.44e+06
20200	128000	150000	1.44e+06
20300	128000	1.38e+06	1.44e+06
20400	128000	1.39e+06	1.44e+06
20500	128000	1.39e+06	1.44e+06
20600	128000	1.39e+06	1.44e+06
20700	128000	1.39e+06	1.44e+06
20800	128000	1.4e+06	1.44e+06
20900	128000	1.4e+06	1.44e+06
21000	129000	1.4e+06	1.44e+06
21100	129000	1.4e+06	1.44e+06
21200	129000	1.4e+06	1.44e+06
21300	130000	1.4e+06	1.44e+06
21400	130000	1.4e+06	1.44e+06
21500	130000	1.4e+06	1.44e+06
21600	130000	1.4e+06	1.44e+06
21700	131000	1.4e+06	1.44e+06
21800	131000	1.4e+06	1.45e+06
21900	132000	1.4e+06	1.45e+06
22000	133000	1.4e+06	1.45e+06
22100	133000	1.4e+06	1.45e+06
22200	134000	1.4e+06	1.45e+06
22300	135000	1.4e+06	1.45e+06
22400	135000	1.4e+06	1.45e+06
22500	136000	1.4e+06	1.45e+06
22600	139000	1.4e+06	1.45e+06
22700	142000	1.4e+06	1.45e+06
22800	148000	1.4e+06	1.46e+06
22900	1.35e+06	1.4e+06	1.46e+06
23000	1.35e+06	1.4e+06	1.46e+06
23100	1.35e+06	1.4e+06	1.47e+06
23200	1.35e+06	1.4e+06	1.7e+06
23300	1.36e+06	1.4e+06	1.7e+06
23400	1.36e+06	1.4e+06	1.7e+06
23500	1.36e+06	1.4e+06	1.7e+06
23600	1.36e+06	1.4e+06	1.7e+06
23700	1.36e+06	1.4e+06	1.7e+06
23800	1.36e+06	1.4e+06	1.7e+06
23900	1.36e+06	1.4e+06	1.71e+06
24000	1.36e+06	1.4e+06	1.71e+06
24100	1.36e+06	1.4e+06	1.71e+06
24200	1.36e+06	1.4e+06	1.71e+06
24300	1.36e+06	1.4e+06	1.71e+06
24400	1.36e+06	1.4e+06	1.71e+06
24500	1.36e+06	1.4e+06	1.71e+06
24600	1.36e+06	1.4e+06	1.71e+06
24700	1.36e+06	1.4e+06	1.71e+06
24800	1.36e+06	1.4e+06	1.71e+06
24900	1.36e+06	1.4e+06	1.71e+06
25000	1.36e+06	1.4e+06	1.71e+06
25100	1.36e+06	1.4e+06	1.71e+06
25300	1.36e+06	1.4e+06	1.71e+06
25400	1.36e+06	1.4e+06	1.71e+06
25800	1.36e+06	1.4e+06	1.71e+06
26000	1.36e+06	1.4e+06	1.71e+06
26200	1.36e+06	1.4e+06	1.71e+06
594000	1.36e+06	1.4e+06	1.71e+06
1.13e+06	1.36e+06	1.4e+06	1.71e+06
1.14e+06	1.36e+06	1.4e+06	1.71e+06
1.15e+06	1.36e+06	1.4e+06	1.71e+06
1.16e+06	1.36e+06	1.4e+06	1.71e+06
1.17e+06	228000	1.4e+06	1.71e+06
1.18e+06	219000	1.4e+06	1.71e+06
1.19e+06	210000	1.4e+06	1.71e+06
1.2e+06	204000	224000	1.71e+06
1.21e+06	199000	217000	1.71e+06
1.22e+06	194000	214000	1.71e+06
1.23e+06	191000	213000	1.71e+06
1.24e+06	189000	213000	1.71e+06
1.25e+06	189000	213000	1.71e+06
1.27e+06	189000	213000	1.71e+06
1.28e+06	189000	213000	1.71e+06
1.29e+06	189000	213000	1.71e+06
1.3e+06	189000	213000	1.71e+06
1.31e+06	188000	213000	1.71e+06
1.32e+06	188000	213000	1.71e+06
1.33e+06	185000	212000	245000
1.34e+06	180000	212000	238000
1.35e+06	142000	212000	235000
1.36e+06	137000	212000	234000
1.64e+06	136000	212000	234000
1.65e+06	136000	212000	234000
1.66e+06	136000	212000	234000
1.67e+06	136000	212000	234000
1.68e+06	136000	212000	234000
1.69e+06	136000	212000	234000
1.7e+06	136000	212000	234000
1.71e+06	136000	212000	234000
1.72e+06	136000	212000	234000
1.73e+06	136000	212000	234000
1.74e+06	136000	212000	234000
1.75e+06	136000	212000	234000
1.76e+06	136000	212000	234000
1.77e+06	136000	212000	234000
1.78e+06	136000	212000	234000
1.79e+06	136000	212000	234000
1.8e+06	136000	212000	234000
1.81e+06	136000	212000	234000
1.95e+06	136000	212000	234000
